0
4
25
77.6
177.285714285714
340.095238095238
582.454545454545
921.081585081585
1372.92447552448
1955.11888111888
2684.95713265063
3579.86500187119
4657.38370863219
5935.15564409746
7430.91281614095
9162.46734094253
11147.7035065376
13404.5710667432
15951.0795138082
18805.2931407053
21985.3267485199
25509.3418867399
29395.5435381613
33662.1771780921
38327.5261512186
43409.9093200682
48927.6789472506
54899.2187801735
61342.9423121224
68277.2911977684
75720.733804559
83691.7638842135
92208.8993508275
101290.681153978
110955.672236799
121222.45657032
132109.638256469
143635.8406931
155819.705795191
168679.893267073
182235.079921116
196503.959038826
211505.239770755
227257.646571985
243779.918670317
261090.809564561
279209.086550603
298153.530273134
317942.934301145
338596.104725452
360131.859776691
382569.029462349
405926.45522153
430222.989596268
455477.495918291
481708.848010253
508935.929900493
537177.6355505
566452.868594288
596780.542088984
628179.578275942
660668.908351791
694267.472248841
728994.218424313
764868.103657919
801908.092857322
840133.158871061
879562.282308546
920214.451366753
962108.661663268
1005263.91607538
1049699.22458487
1095433.60412834
1142486.07845259
1190875.67797506
1240621.43964893
1291742.40683269
1344257.62916398
1398186.16243762
1453547.06848739
1510359.41507164
1568642.27576245
1628414.72983822
1689695.86217945
1752504.76316777
1816860.52858784
1882782.25953227
1950289.06230918
2019400.04835246
2090134.33413459
2162511.04108186
2236549.295492
2312268.228454
2389686.97577015
2468824.67788018
2549700.47978736
2632333.53098662
2716742.98539444
2802948.00128067
2890967.74120193
2980821.37193685
3072528.06442279
3166106.99369425
3261577.33882263
3358958.28285764
3458269.01276994
3559528.71939525
3662756.59737975
3767971.84512674
3875193.66474455
3984441.26199561
4095733.84624676
4209090.63042054
4324530.8309477
4442073.66772068
4561738.36404814
4683544.14661046
4807510.24541622
4933655.89375959
5062000.3281786
5192562.78841434
5325362.51737099
5460418.76107663
5597750.76864491
5737377.79223747
5879319.08702711
6023593.91116174
6170221.52572897
6319221.19472146
6470612.18500292
6624413.76627476
6780645.21104342
6939325.79458827
7100474.79493014
7264111.49280044
7430255.17161089
7598925.11742375
7770140.6189226
7943920.96738375
8120285.456648
8299253.38309309
8480844.04560649
8665076.74555876
8851970.78677735
9041545.47552085
9233820.12045372
9428814.0326214
9626546.52542592
9827036.91460182
10030304.5181926
10236368.6565275
10445248.6521986
10656963.8300383
10871533.5170977
11088977.0426243
11309313.7380406
11532562.9369239
11758743.9749846
11987876.1900463
12219978.922026
12455071.512914
12693173.3067543
12934303.6496263
13178481.8896251
13425727.3768433
13676059.4633531
13929497.5031877
14186060.852324
14445768.868665
14708640.9120228
14974696.3441015
15243954.5284806
15516434.8305984
15792156.6177361
16071139.2590017
16353402.1253141
16638964.5893879
16927846.0257179
17220065.8105642
17515643.3219369
17814597.9395821
18116949.044967
18422716.0212658
18731918.2533456
19044575.1277526
19360706.0326983
19680330.3580462
20003467.4952982
20330136.8375818
20660357.7796371
20994149.7178035
21331532.0500081
21672524.175752
22017145.4960991
22365415.4136633
22717353.3325969
23072978.6585784
23432310.7988012
23795369.1619619
24162173.158249
24532742.1993315
24907095.6983479
25285253.0698955
25667233.730019
26053057.0962004
26442742.5873481
26836309.6237866
27233777.6272461
27635166.0208524
28040494.2291169
28449781.6779265
28863047.794534
29280312.007548
29701593.746924
30126912.4439542
30556287.5312585
30989738.4427753
31427284.6137522
31868945.4807369
32314740.4815685
32764689.0553684
33218810.6425319
33677124.6847191
34139650.6248467
34606407.9070797
35077415.9768224
35552694.2807109
36032262.2666044
36516139.3835774
37004345.0819116
37496898.813088
37993820.0297791
38495128.1858412
39000842.7363068
39510983.1373768
40025568.8464134
40544619.3219323
41068154.0235955
41596192.4122043
42128753.9496917
42665858.0991157
43207524.324652
43753772.0915872
44304620.8663118
44860090.1163136
45420199.3101705
45984967.9175444
46554415.4091744
47128561.2568701
47707424.9335051
48291025.913011
48879383.6703705
49472517.6816116
50070447.4238011
50673192.3750387
51280772.0144506
51893205.8221834
52510513.2793988
53132713.8682669
53759827.0719606
54391872.37465
55028869.2614966
55670837.2186472
56317795.7332289
56969764.2933428
57626762.3880592
58288809.5074117
58955925.1423916
59628128.784943
60305439.9279572
60987878.0652674
61675462.6916435
62368213.3027871
63066149.395326
63769290.4668095
64477656.0157031
65191265.5413836
65910138.544134
66634294.5251391
67363752.9864799
68098533.4311293
68838655.3629472
69584138.2866757
70335001.7079346
71091265.1332164
71852948.0698821
72620070.0261563
73392650.5111227
74170709.0347202
74954265.1077374
75743338.241809
76537947.9494114
77338113.7438578
78143855.1392944
78955191.6506961
79772142.7938621
80594728.0854117
81422967.0427803
82256879.1842152
83096484.0287715
83941801.0963082
84792849.9074839
85649649.983753
86512220.8473618
87380582.0213445
88254753.0295192
89134753.3964843
90020602.6476145
90912320.3090571
91809925.9077281
92713438.9713086
93622879.0282411
94538265.6077259
95459618.239717
96386956.4549193
97320299.7847842
98259667.7615066
99205079.9180211
100156555.787999
101114114.905843
102077776.806687
103047561.02639
104023487.101533
105005574.569417
105993842.968059
106988311.836188
107989000.713243
108995929.139367
110009116.655408
111028582.802914
112054347.124125
113086429.161981
114124848.460105
115169624.562812
116220777.015099
117278325.362644
118342289.151803
119412687.929605
120489541.243753
121572868.642617
122662689.675235
123759023.891305
124861890.841187
125971310.075896
127087301.147105
128209883.607134
129339077.008953
130474900.906179
131617374.85307
132766518.404525
133922351.116081
135084892.543908
136254162.244809
137430179.776216
138612964.696187
139802536.563406
140998914.937175
142202119.377418
143412169.444671
144629084.700088
145852884.705431
147083589.023072
148321217.215986
149565788.847755
150817323.482559
152075840.685179
153341360.020989
154613901.055958
155893483.356646
157180126.490201
158473850.024359
159774673.527438
161082616.568338
162397698.716538
163719939.542094
165049358.615637
166385975.50837
167729809.792065
169080881.039063
170439208.82227
171804812.715154
173177712.291746
174557927.126635
175945476.794965
177340380.872436
178742658.935301
180152330.560361
181569415.324966
182993932.807011
184425902.584937
185865344.237724
187312277.344893
188766721.486502
190228696.243143
191698221.195944
193175315.926563
194660000.017187
196152293.05053
197652214.609834
199159784.27886
200675021.641894
202197946.283739
203728577.789718
205266935.745667
206813039.737937
208366909.353391
209928564.1794
211498023.803845
213075307.815112
214660435.802092
216253427.354176
217854302.06126
219463079.513734
221079779.302487
222704421.018904
224337024.254862
225977608.602729
227626193.655365
229282799.006115
230947444.248812
232620148.977773
234300932.787799
235989815.27417
237686816.032646
239391954.659466
241105250.751343
242826723.905465
244556393.719493
246294279.791559
248040401.720262
249794779.104673
251557431.544325
253328378.639218
255107639.989812
256895235.197031
258691183.862257
260495505.587331
262308219.974548
264129346.626662
265958905.146877
267796915.13885
269643396.206687
271498367.954944
273361849.988625
275233861.913176
277114423.334492
279003553.858906
280901273.093196
282807600.644577
284722556.120703
286646159.129666
288578429.279991
290519386.180639
292469049.441002
294427438.670904
296394573.480596
298370473.480761
300355158.282507
302348647.497365
304350960.737294
306362117.614672
308382137.742302
310411040.733402
312448846.201612
314495573.760988
316551243.026002
318615873.61154
320689485.132901
322772097.205795
324863729.446345
326964401.471081
329074132.896941
331192943.341269
333320852.421816
335457879.756735
337604044.964583
339759367.664317
341923867.475296
344097564.017276
346280476.910411
348472625.775253
350674030.232747
352884709.904234
355104684.411444
357333973.376502
359572596.421923
361820573.170608
364077923.24585
366344666.271324
368620821.871096
370906409.66961
373201449.291699
375505960.362573
377819962.507826
380143475.353431
382476518.525737
384819111.651475
387171274.357746
389533026.272032
391904387.022185
394285376.236432
396676013.543369
399076318.571966
401486310.951559
403906010.311855
406335436.282926
408774608.495213
411223546.579519
413682270.167013
416150798.889225
418629152.378049
421117350.265739
423615412.184907
426123357.768527
428641206.649928
431168978.462796
433706692.841173
436254369.419455
438812027.832392
441379687.715087
443957368.702992
446545090.431912
449142872.538
451750734.657758
454368696.428035
456996777.486028
459634997.469276
462283376.015665
464941932.763424
467610687.351125
470289659.41768
472978868.602342
475678334.544705
478388076.884701
481108115.262597
483838469.319001
486579158.694854
489330203.031433
492091621.970347
494863435.153541
497645662.22329
500438322.8222
503241436.593208
506055023.17958
508879102.22491
511713693.373121
514558816.268461
517414490.555504
520280735.879149
523157571.884618
526045018.217458
528943094.523536
531851820.449042
534771215.640485
537701299.744694
540642092.408817
543593613.280319
546555882.006983
549528918.236908
552512741.618506
555507371.800506
558512828.43195
561529131.162192
564556299.640898
567594353.518046
570643312.443922
573703196.069124
576774024.044557
579855816.021433
582948591.651274
586052370.585905
589167172.477458
592293016.978368
595429923.741376
598577912.419524
601737002.666157
604907214.134921
608088566.479762
611281079.354928
614484772.414963
617699665.314712
620925777.709315
624163129.25421
627411739.605131
630671628.418107
633942815.349461
637225320.055811
640519162.194066
643824361.421428
647140937.395391
650468909.773738
653808298.214544
657159122.376172
660521401.917274
663895156.496789
667280405.773943
670677169.408249
674085467.059506
677505318.387796
680936743.053487
684379760.717229
687834391.039956
691300653.682882
694778568.307505
698268154.575602
701769432.14923
705282420.690725
708807139.862702
712343609.328054
715891848.749951
719451877.791838
723023716.117439
726607383.390749
730202899.276042
733810283.437861
737429555.541026
741060735.250628
744703842.232029
748358896.150862
752025916.673033
755704923.464715
759395936.192351
763098974.522653
766814058.1226
770541206.659439
774280439.800683
778031777.214112
781795238.567769
785570843.529964
789358611.769269
793158562.954522
796970716.75482
800795092.839527
804631710.878264
808480590.540915
812341751.497623
816215213.418794
820100995.975089
823999118.837429
827909601.676994
831832464.165219
835767725.973798
839715406.774678
843675526.240065
847648104.042417
851633159.854448
855630713.349124
859640784.199666
863663392.079545
867698556.662486
871746297.622466
875806634.633709
879879587.370692
883965175.508143
888063418.721034
892174336.684591
896297949.074284
900434275.565831
904583335.835199
908745149.558598
912919736.412486
917107116.073565
921307308.218781
925520332.525324
929746208.67063
933984956.332374
938236595.188475
942501144.917094
946778625.196634
951069055.705736
955372456.123284
959688846.1284
964018245.400444
968360673.619018
972716150.463958
977084695.61534
981466328.753476
985861069.558914
990268937.71244
994689952.895073
999124134.788067
1003571503.07291
1008032077.43133
1012505877.54528
1016992923.09694
1021493233.76874
1026006829.24334
1030533729.20361
1035073953.33267
1039627521.31386
1044194452.83077
1048774767.56719
1053368485.20716
1057975625.43493
1062596207.935
1067230252.39208
1071877778.49112
1076538805.91728
1081213354.35596
1085901443.49278
1090603093.01358
1095318322.60444
1100047151.95164
1104789600.7417
1109545688.66137
1114315435.39759
1119098860.63757
1123895984.06869
1128706825.3786
1133531404.25513
1138369740.38635
1143221853.46056
1148087763.16624
1152967489.19214
1157861051.22718
1162768468.96054
1167689762.08159
1172624950.27992
1177574053.24535
1182537090.66789
1187514082.23781
1192505047.64554
1197510006.58176
1202528978.73737
1207561983.80346
1212609041.47133
1217670171.43253
1222745393.37878
1227834727.00205
1232938191.99448
1238055808.04845
1243187594.85655
1248333572.11157
1253493759.50652
1258668176.7346
1263856843.48923
1269059779.46406
1274277004.35292
1279508537.84985
1284754399.6491
1290014609.44515
1295289186.93265
1300578151.80647
1305881523.7617
1311199322.49362
1316531567.69771
1321878279.06968
1327239476.3054
1332615179.101
1338005407.15276
1343410180.15719
1348829517.81101
1354263439.81111
1359711965.85462
1365175115.63884
1370652908.86129
1376145365.21967
1381652504.41192
1387174346.13612
1392710910.09061
1398262215.97388
1403828283.48465
1409409132.32183
1415004782.18451
1420615252.772
1426240563.7838
1431880734.91959
1437535785.87928
1443205736.36295
1448890606.07087
1454590414.70353
1460305181.96159
1466034927.54592
1471779671.15758
1477539432.49782
1483314231.26808
1489104087.17
1494909019.90541
1500729049.17633
1506564194.68498
1512414476.13375
1518279913.22524
1524160525.66223
1530056333.14771
1535967355.38483
1541893612.07695
1547835122.92761
1553791907.64054
1559763985.91966
1565751377.46908
1571754101.99309
1577772179.19617
1583805628.78299
1589854470.45842
1595918723.92747
1601998408.8954
1608093545.0676
1614204152.14967
1620330249.84739
1626471857.86674
1632628995.91385
1638801683.69507
1644989940.91691
1651193787.28607
1657413242.50942
1663648326.29405
1669899058.34718
1676165458.37626
1682447546.08889
1688745341.19285
1695058863.39613
1701388132.40686
1707733167.93339
1714093989.68421
1720470617.36803
1726863070.69371
1733271369.3703
1739695533.10701
1746135581.61326
1752591534.59863
1759063411.77287
1765551232.84592
1772055017.52788
1778574785.52906
1785110556.5599
1791662350.33106
1798230186.55334
1804814084.93774
1811414065.19541
1818030147.03771
1824662350.17614
1831310694.32238
1837975199.1883
1844655884.48594
1851352769.92749
1858065875.22533
1864795220.09203
1871540824.24029
1878302707.38302
1885080889.23327
1891875389.50429
1898686227.90948
1905513424.16243
1912356997.97687
1919216969.06672
1926093357.14607
1932986181.92919
1939895463.13048
1946821220.46455
1953763473.64615
1960722242.39022
1967697546.41185
1974689405.42631
1981697839.14903
1988722867.2956
1995764509.5818
2002822785.72354
2009897715.43694
2016989318.43825
2024097614.44389
2031222623.17047
2038364364.33474
2045522857.65362
2052698122.84419
2059890179.62372
2067099047.7096
2074324746.81942
2081567296.67092
2088826716.982
2096103027.47072
2103396247.85532
2110706397.85417
2118033497.18584
2125377565.56904
2132738622.72263
2140116688.36565
2147511782.21731
2154923923.99694
2162353133.42406
2169799430.21836
2177262834.09966
2184743364.78796
2192241042.00341
2199755885.46632
2207287914.89716
2214837150.01655
2222403610.54528
2229987316.2043
2237588286.7147
2245206541.79773
2252842101.17482
2260494984.56753
2268165211.69759
2275852802.28688
2283557776.05743
2291280152.73145
2299019952.03127
2306777193.67941
2314551897.39851
2322344082.9114
2330153769.94104
2337980978.21054
2345825727.44319
2353688037.3624
2361567927.69177
2369465418.15501
2377380528.47603
2385313278.37885
2393263687.58767
2401231775.82683
2409217562.82082
2417221068.29429
2425242311.97204
2433281313.579
2441338092.84028
2449412669.48113
2457505063.22694
2465615293.80326
2473743380.9358
2481889344.35039
2490053203.77303
2498234978.92987
2506434689.5472
2514652355.35146
2522887996.06924
2531141631.42729
2539413281.15248
2547702964.97185
2556010702.61258
2564336513.802
2572680418.26758
2581042435.73694
2589422585.93785
2597820888.59822
2606237363.44611
2614672030.20973
2623124908.61741
2631596018.39767
2640085379.27913
2648593010.99059
2657118933.26096
2665663165.81933
2674225728.3949
2682806640.71705
2691405922.51526
2700023593.5192
2708659673.45864
2717314182.06353
2725987139.06393
2734678564.19007
2743388477.17231
2752116897.74114
2760863845.6272
2769629340.5613
2778413402.27434
2787216050.4974
2796037304.96169
2804877185.39855
2813735711.53947
2822612903.11608
2831508779.86015
2840423361.50358
2849356667.77843
2858308718.41689
2867279533.15127
2876269131.71404
2885277533.83781
2894304759.25532
2903350827.69945
2912415758.90321
2921499572.59977
2930602288.5224
2939723926.40456
2948864505.97979
2958024046.98182
2967202569.14447
2976400092.20173
2985616635.88771
2994852219.93665
3004106864.08296
3013380588.06114
3022673411.60585
3031985354.45189
3041316436.33418
3050666676.98779
3060036096.14791
3069424713.54987
3078832548.92914
3088259622.02131
3097705952.56212
3107171560.28744
3116656464.93326
3126160686.23571
3135684243.93108
3145227157.75574
3154789447.44624
3164371132.73923
3173972233.37152
3183592769.08003
3193232759.60182
