0
0
0.999999999999998
13.6
73.4285714285714
259.095238095238
711.545454545454
1654.34965034965
3414.67412587413
6444.77869189634
11343.9373660395
18880.7086721328
30015.5012210834
45923.3930434783
68017.1720704147
97970.5716058379
137741.679423107
189596.502761877
256132.674329253
340303.286642409
445440.843840357
575281.321547186
733988.326564818
926177.349166643
1156940.10159627
1431868.93708002
1757081.34426199
2139244.51248583
2585599.96379217
3103988.2478875
3702873.69667785
4391369.23525733
5179261.24650337
6077034.48666189
7095897.04951241
8247805.37688673
9545489.31348025
11002477.2040432
12633121.0311726
14452621.5920484
16477053.7125634
18723391.4974025
21209533.6147108
23954328.6140796
26977600.2766516
30300172.9962188
33943897.19025
37931674.7398442
42287484.457662
47036407.5829366
52204653.3027143
57819584.2985161
63909742.3176558
70504873.7684835
77635955.3388627
85335219.6372197
93636180.8555347
102573660.453675
112183812.864493
122504151.219147
133573573.092106
145432386.265354
158122334.511296
171686623.393916
186169946.087727
201618509.214115
218080058.694635
235603905.620892
254240952.14062
274043717.359588
295066363.25899
317364720.627989
340996315.011067
366020392.669888
392497946.559362
420491742.317615
450066344.269589
481288141.443994
514225373.603344
548948157.286828
585528511.865771
624040385.611433
664559681.774921
707164284.678998
751934085.821548
798951009.990514
848299041.390076
900064249.777896
954334816.613208
1011201061.2156
1070755466.93426
1133092707.32757
1198309672.35281
1266505494.56584
1337781575.33063
1412241611.03837
1489991619.33615
1571139965.36492
1655797388.00672
1744077026.14091
1836094444.90936
1931967661.99038
2031817173.88133
2135765982.18977
2243939619.93295
2356466177.84564
2473476330.69606
2595103363.60988
2721483198.40214
2852754419.91694
2989058302.37493
3130538835.7283
3277342752.02329
3429619551.77015
3587521530.32028
3751203804.2507
3920824337.7555
4096543969.04437
4278526436.74805
4466938406.33054
4661949496.50815
4863732305.6751
5072462438.3358
5288318531.54353
5511482281.34559
5742138469.23475
5980474988.60699
6226682871.22536
6480956313.69005
6743492703.91435
7014492647.60675
7294159994.75877
7582701866.1387
7880328679.79112
8187254177.54204
8503695451.50976
8829872970.62119
9166010607.13377
9512335663.16279
9869078897.21411
10236474550.7222
10614760374.5933
11004177655.7543
11404971243.706
11817389577.082
12241684710.2129
12678112339.6943
13126931830.9616
13588406244.8676
14062802364.2669
14550390720.6035
15051445620.5043
15566245172.3765
16095071313.0102
16638209834.1854
17195950409.2834
17768586619.9027
18356415982.4799
18959739974.9147
19578864063.1988
20214097728.0498
20865754491.5493
21534151943.7852
22219611769.4979
22922459774.7312
23643025913.4868
24381644314.3838
25138653307.3211
25914395450.1446
26709217555.3183
27523470716.5993
28357510335.7164
29211696149.0533
30086392254.335
30981967137.3183
31898793698.4861
32837249279.7453
33797715691.1289
34780579237.501
35786230745.2659
36815065589.0814
37867483718.5744
38943889685.0612
40044692668.2712
41170306503.0729
42321149706.2056
43497645503.0122
44700221854.1772
45929311482.4671
47185351899.4745
48468785432.3657
49780059250.6314
51119625392.8405
52487940793.3976
53885467309.3038
55312671746.9199
56770025888.7337
58258006520.1302
59777095456.1646
61327779568.3388
62910550811.3809
64525906250.0277
66174348085.8102
67856383683.8424
69572525599.6128
71323291605.779
73109204718.9651
74930793226.5626
76788590713.5333
78683136089.2161
80614973614.1356
82584652926.8145
84592729070.5887
86639762520.4242
88726319209.7382
90852970557.2222
93020293493.6676
95228870488.7951
97479289578.0855
99772144389.614
102108034170.887
104487563815.683
106911343890.89
109379990663.357
111894126126.737
114454378028.336
117061379895.97
119715771064.814
122418196704.267
125169307844.803
127969761404.844
130820220217.615
133721353058.018
136673834669.502
139678345790.93
142735573183.46
145846209657.419
149010954099.184
152230511498.063
155505592973.179
158836915800.359
162225203439.02
165671185559.065
169175598067.771
172739183136.688
176362689228.538
180046871124.115
183792489949.185
187600313201.396
191471114777.179
195405674998.665
199404780640.59
203469224957.212
207599807709.224
211797335190.679
216062620255.902
220396482346.417
224799747517.87
229273248466.956
233817824558.349
238434321851.631
243123593128.225
247886497918.329
252723902527.856
257636680065.37
262625710469.03
267691880533.528
272836083937.039
278059221268.165
283362200052.887
288745934781.51
294211346935.623
299759365015.05
305390924564.805
311106968202.056
316908445643.079
322796313730.226
328771536458.888
334835085004.456
340987937749.299
347231080309.725
353565505562.957
359992213674.105
366512212123.144
373126515731.888
379836146690.97
386642134586.827
393545516428.674
400547336675.498
407648647263.037
414850507630.772
422153984748.916
429560153145.403
437070094932.885
444684899835.726
452405665216.994
460233496105.467
468169505222.626
476214813009.664
484370547654.481
492637845118.697
501017849164.652
509511711382.421
518120591216.817
526845655994.411
535688080950.536
544649049256.31
553729752045.649
562931388442.284
572255165586.784
581702298663.575
591274010927.964
600971533733.161
610796106557.312
620748977030.518
630831400961.87
641044642366.477
651389973492.501
661868674848.188
672482035228.905
683231351744.176
694117929844.722
705143083349.499
716308134472.741
727614413851
739063260570.196
750656022192.656
762394054784.166
774278722941.019
786311399817.065
798493467150.761
810826315292.227
823311343230.297
835949958619.579
848743577807.511
861693625861.417
874801536595.571
888068752598.258
901496725258.835
915086914794.798
928840790278.844
942759829665.945
956845519820.408
971099356542.953
985522844597.777
1000117497739.63
1014884838740.9
1029826399418.66
1044943720661.77
1060238352457.96
1075711853920.88
1091365793317.19
1107201748093.68
1123221304904.29
1139426059637.26
1155817617442.14
1172397592756.96
1189167609335.27
1206129300273.21
1223284308036.67
1240634284488.32
1258180890914.72
1275925798053.44
1293870686120.11
1312017244835.58
1330367173452.94
1348922180784.69
1367683985229.8
1386654314800.84
1405834907151.06
1425227509601.49
1444833879168.08
1464655782588.77
1484694996350.64
1504953306716.96
1525432509754.36
1546134411359.91
1567060827288.24
1588213583178.65
1609594514582.23
1631205466988.99
1653048295854.95
1675124866629.28
1697437054781.4
1719986745828.14
1742775835360.81
1765806229072.37
1789079842784.52
1812598602474.86
1836364444303.98
1860379314642.62
1884645170098.78
1909163977544.84
1933937714144.74
1958968367381.05
1984257935082.14
2009808425449.32
2035621857083.96
2061700259014.63
2088045670724.22
2114660142177.13
2141545733846.36
2168704516740.66
2196138572431.71
2223849993081.21
2251840881468.06
2280113351015.49
2308669525818.22
2337511540669.6
2366641541088.75
2396061683347.71
2425774134498.63
2455781072400.85
2486084685748.12
2516687174095.73
2547590747887.64
2578797628483.67
2610310048186.65
2642130250269.57
2674260489002.74
2706703029680.94
2739460148650.62
2772534133337
2805927282271.3
2839641905117.86
2873680322701.3
2908044867033.72
2942737881341.85
2977761720094.21
3013118749028.29
3048811345177.72
3084841896899.42
3121212803900.8
3157926477266.94
3194985339487.7
3232391824484.97
3270148377639.82
3308257455819.66
3346721527405.43
3385543072318.77
3424724582049.22
3464268559681.39
3504177519922.11
3544453989127.68
3585100505330.99
3626119618268.72
3667513889408.56
3709285891976.35
3751438210983.28
3793973443253.1
3836894197449.27
3880203094102.2
3923902765636.38
3967995856397.62
4012485022680.23
4057372932754.18
4102662266892.36
4148355717397.71
4194455988630.45
4240965797035.27
4287887871168.52
4335224951725.41
4382979791567.25
4431155155748.56
4479753821544.37
4528778578477.35
4578232228345.05
4628117585247.09
4678437475612.38
4729194738226.28
4780392224257.87
4832032797287.12
4884119333332.1
4936654720876.18
4989641860895.27
5043083666885.01
5096983064887.96
5151342993520.87
5206166404001.84
5261456260177.54
5317215538550.45
5373447228306.07
5430154331340.1
5487339862285.72
5545006848540.73
5603158330294.84
5661797360556.86
5720927005181.9
5780550342898.63
5840670465336.47
5901290477052.83
5962413495560.33
6024042651354.02
6086181087938.61
6148831961855.69
6211998442710.96
6275683713201.45
6339890969142.78
6404623419496.33
6469884286396.53
6535676805178.04
6602004224403.03
6668869805888.37
6736276824732.89
6804228569344.59
6872728341467.9
6941779456210.89
7011385242072.53
7081549040969.9
7152274208265.46
7223564112794.26
7295422136891.19
7367851676418.2
7440856140791.59
7514438953009.2
7588603549677.68
7663353381039.7
7738691911001.25
7814622617158.82
7891148990826.71
7968274537064.19
8046002774702.85
8124337236373.76
8203281468534.76
8282839031497.71
8363013499455.69
8443808460510.34
8525227516699.03
8607274284022.13
8689952392470.3
8773265486051.69
8857217222819.23
8941811274897.86
9027051328511.8
9112941084011.81
9199484255902.43
9286684572869.25
9374545777806.14
9463071627842.56
9552265894370.77
9642132363073.12
9732674833949.28
9823897121343.53
9915803053972.02
10008396474950
10101681241819.1
10195661226574.7
10290340315693
10385722410158.3
10481811425490.5
10578611291772.1
10676125953675.7
10774359370491
10873315516152.4
10972998379265.9
11073411963136.5
11174560285795.9
11276447380028.9
11379077293401.6
11482454088287.8
11586581841897.2
11691464646301.8
11797106608463.8
11903511850262.4
12010684508521.5
12118628735036.8
12227348696602.8
12336848575040.7
12447132567225
12558204885111.4
12670069755763.5
12782731421380.5
12896194139324.3
13010462182146.8
13125539837617.3
13241431408749.5
13358141213829.2
13475673586441.1
13594032875496.4
13713223445260.3
13833249675378.6
13954115960905.6
14075826712331.1
14198386355607.9
14321799332178.8
14446070099004.2
14571203128588.9
14697202909010.1
14824073943944.2
14951820752694.1
15080447870216.7
15209959847149.9
15340361249840.4
15471656660370.4
15603850676585.3
15736947912120.9
15870952996430.4
16005870574812.2
16141705308436.9
16278461874374.6
16416144965622.3
16554759291131.2
16694309575833.7
16834800560671.1
16976237002620.8
17118623674723.5
17261965366110.5
17406266882031
17551533043879.6
17697768689223.2
17844978671828.9
17993167861690.6
18142341145057
18292503424458.2
18443659618733.7
18595814663059.3
18748973508974.2
18903141124409
19058322493712.4
19214522617678.7
19371746513575.1
19529999215169.2
19689285772756
19849611253185.2
20010980739889.1
20173399332908.9
20336872148923.1
20501404321274
20667000999995.4
20833667351839.9
21001408560305.9
21170229825665.4
21340136364991
21511133412183.3
21683226217998.1
21856420050074
22030720192959.3
22206131948139.8
22382660634065.7
22560311586179.3
22739090156941.8
22919001715861.3
23100051649519.6
23282245361599.4
23465588272912.5
23650085821425.9
23835743462290.3
24022566667866.4
24210560927752.9
24399731748813.8
24590084655205.3
24781625188403.4
24974358907231.2
25168291387886.4
25363428223968.2
25559775026505.1
25757337423981.8
25956121062366.9
26156131605140
26357374733319.2
26559856145488.1
26763581557823.6
26968556704122.9
27174787335830.8
27382279222067.3
27591038149654.8
27801069923145.3
28012380364848
28224975314856.3
28438860631075.6
28654042189250.1
28870525882990.6
29088317623801.3
29307423341108
29527848982284.3
29749600512680.1
29972683915648
30197105192571.2
30422870362890.6
30649985464132.2
30878456551934.5
31108289700075.7
31339491000501.1
31572066563350.7
31806022516986.1
32041365008018
32278100201333.8
32516234280124.5
32755773445912.5
32996723918578.6
33239091936389.5
33482883756025.1
33728105652606
33974763919720.5
34222864869452.2
34472414832407.6
34723420157742.7
34975887213191.1
35229822385091
35485232078412.5
35742122716785.1
36000500742525.1
36260372616662.9
36521744818969.9
36784623847986.7
37049016221049.9
37314928474319.3
37582367162805.9
37851338860398.6
38121850159891.9
38393907673013.2
38667518030450.1
38942687881877.9
39219423895986.5
39497732760508.5
39777621182246
40059095887098
40342163620088
40626831145391.3
40913105246362.1
41200992725561.1
41490500404782.9
41781635125083.1
42074403746806.1
42368813149611.8
42664870232503.8
42962581913855.8
43261955131439.9
43562996842453.4
43865714023546.2
44170113670848.3
44476202799997.3
44783988446165.3
45093477664086.7
45404677528085.5
45717595132102.4
46032237589722.5
46348612034202.5
46666725618498
46986585515291.1
47308198917017.3
47631573035893.6
47956715103945.2
48283632373033.2
48612332114881.9
48942821621106.1
49275108203238.6
49609199192757.5
49945101941113.5
50282823819757.4
50622372220167.6
50963754553876.9
51306978252500.6
51652050767763.5
51998979571527.1
52347772155817.3
52698436032851.8
53050978735067.2
53405407815146.5
53761730846046.6
54119955421025.3
54480089153669.3
54842139677921
55206114648106.1
55572021738961
55939868645660.1
56309663083843.5
56681412789643.6
57055125519713.5
57430809051253.6
57808471182039.3
58188119730448.2
58569762535487.9
58953407456822.8
59339062374802
59726735190486.2
60116433825675.7
60508166222937
60901940345631
61297764177939.6
61695645724893.9
62095593012400.7
62497614087270.8
62901717017245.5
63307909891024.7
63716200818293.9
64126597929751.7
64539109377137.1
64953743333257.2
65370507992014.1
65789411568432.5
66210462298687.4
66633668440131
67059038271320.3
67486580092044.6
67916302223352.7
68348213007580.5
68782320808378
69218634010737.3
69657161021019.4
70097910266981.9
70540890197806.3
70986109284125.6
71433576018051.3
71883298913201.1
72335286504726.2
72789547349338.7
73246090025339.1
73704923132643.3
74166055292810.5
74629495149070.5
75095251366350.7
75563332631304
76033747652335.7
76506505159631.5
76981613905184.3
77459082662822
77938920228234.7
78421135419002.2
78905737074621.4
79392734056533.5
79882135248151.8
80373949554888.5
80868185904182.9
81364853245528
81863960550498.5
82365516812777.7
82869531048185.5
83376012294705.2
83884969612511.4
84396412083996.8
84910348813800.4
85426788928834.3
85945741578311.2
86467215933772
86991221189113
87517766560613.7
88046861286963.4
88578514629289.5
89112735871184.5
89649534318733.1
90188919300540.4
90730900167758.4
91275486294114.2
91822687075936.8
92372511932184.9
92924970304474.1
93480071657104.5
94037825477087.8
94598241274175.1
95161328580883.9
95727096952526
96295555967234.4
96866715225991
97440584352654
98017172993985.2
98596490819677.6
99178547522382.5
99763352817737.3
100350916444393
100941248164040
101534357761438
102130255044444
102728949844033
103330452014336
103934771432657
104541917999510
105151901638637
105764732297043
106380419945020
106998974576174
107620406207453
108244724879177
108871940655062
109502063622246
110135103891324
110771071596365
111409976894949
112051829968188
112696641020757
113344420280919
113995178000554
114648924455186
115305669944010
115965424789919
116628199339535
117294003963230
117962849055159
118634745033286
119309702339410
119987731439192
120668842822187
121353047001865
122040354515643
122730775924911
123424321815058
124121002795505
124820829499722
125523812585267
126229962733806
126939290651142
127651807067244
128367522736274
129086448436611
129808594970885
130533973165998
131262593873155
131994467967891
132729606350097
133468019944049
134209719698436
134954716586383
135703021605485
136454645777830
137209600150028
137967895793235
138729543803188
139494555300226
140262941429317
141034713360092
141809882286864
142588459428662
143370456029256
144155883357184
144944752705780
145737075393200
146532862762453
147332126181424
148134877042907
148941126764624
149750886789263
150564168584495
151380983643010
152201343482540
153025259645885
153852743700946
154683807240746
155518461883463
156356719272455
157198591076285
158044088988753
158893224728921
159746010041140
160602456695080
161462576485752
162326381233544
163193882784240
164065093009051
164940023804645
165818687093169
166701094822280
167587258965174
168477191520609
169370904512934
170268409992119
171169720033778
172074846739203
172983802235383
173896598675039
174813248236646
175733763124465
176658155568566
177586437824859
178518622175119
179454720927016
180394746414140
181338710996029
182286627058198
183238507012165
184194363295477
185154208371742
186118054730652
187085914888012
188057801385768
189033726792034
190013703701119
190997744733556
191985862536127
192978069781893
193974379170218
194974803426803
195979355303704
196988047579368
198000893058655
199017904572871
200039094979788
201064477163676
202094064035333
203127868532105
204165903617921
205208182283316
206254717545460
207305522448184
208360610062010
209419993484176
210483685838666
211551700276234
212624049974434
213700748137648
214781807997112
