0
0
0
0.639999999999997
4.77551020408163
19.5827664399093
58.9752066115702
146.231350622959
316.778647366619
621.098632922718
1127.72998787802
1926.35278451666
3130.94149804738
4882.97724090899
7354.71170388388
10752.4767567793
15320.034756953
21341.9654499839
29147.0859974377
39111.9011817177
51664.0812517564
67285.9652100556
86518.0876188475
109962.727233783
138287.475967203
172228.826846994
212595.77977689
260273.464024245
316226.77646515
381504.03470713
457240.644288566
544662.779223448
645091.075221225
759944.334965898
890743.244886777
1039114.10289652
1206792.55661076
1395627.35159859
1607584.08924428
1844748.99382955
2109332.68847092
2403673.97957077
2730243.6494616
3091648.25694305
3490633.94542888
3930090.25843769
4413053.96217628
4942712.87497881
5522409.70337737
6155645.88459191
6846085.43523833
7597558.80606417
8414066.74253019
9299784.15106604
10259063.9708355
11296441.0508552
12416636.0323183
13624559.2359793
14925314.5544665
16324203.3493901
17826728.3531224
19438597.5751317
21165728.2127545
23014250.5662983
24990511.9583685
27101080.6573196
29352749.8047334
31752541.3468314
34307709.9697316
37025747.038464
39914384.5396608
42981599.0278415
46235615.5752176
49684911.7249392
53338221.4477139
57204539.1017293
61293123.3958085
65613501.3557377
70175472.293702
74989111.7807668
80064775.6223497
85413103.8366219
91045024.6357882
96971758.4101897
103204821.715178
109756031.26071
116637507.903618
123861680.642501
131441290.615202
139389395.098814
147719371.512181
156444921.420851
165580074.544433
175139192.766328
185136974.145783
195588456.932255
206509023.582005
217914404.776936
229820683.44561
242244298.786407
255202050.292816
268711101.780811
282788985.418271
297453605.756444
312723243.763385
328616560.859382
345152602.954299
362350804.486847
380230992.465723
398813390.512615
418118622.907034
438167718.632957
458982115.42724
480583663.829796
502994631.235506
526237705.947838
550336001.234155
575313059.382682
601192855.761133
627999802.876941
655758754.439107
684495009.421623
714234316.128456
745002876.260077
776827348.98152
809734854.991939
843752980.595648
878909781.774642
915233788.26257
952754007.620117
991499929.311851
1031501528.78441
1072789271.54615
1115394117.24808
1159347523.76621
1204681451.28521
1251428366.38341
1299621246.11912
1349293582.11814
1400479384.66275
1453213186.78176
1507530048.34193
1563465560.14061
1621055847.9996
1680337576.86018
1741347954.87945
1804124737.52771
1868706231.68715
1935131299.7516
2003439363.72752
2073670409.33607
2145864990.11632
2220064231.52958
2296309835.06484
2374644082.34531
2455109839.23603
2537750559.95256
2622610291.17075
2709733676.1375
2799165958.78268
2890952987.83194
2985141220.92068
3081777728.7089
3180910198.9972
3282586940.84362
3386856888.68162
3493769606.43891
3603375291.6573
3715724779.61354
3830869547.44103
3948861718.25257
4069754065.26397
4193600015.91861
4320453656.01288
4450369733.82264
4583403664.23046
4719611532.85379
4859050100.17406
5001776805.6666
5147849771.93144
5297327808.82504
5450270417.59278
5606737795.00237
5766790837.47804
5930491145.23565
6097901026.41854
6269083501.23428
6444102306.09215
6623021897.74149
6805907457.41087
6992824894.94798
7183840852.96037
7379022710.95695
7578438589.49024
7782157354.29951
7990248620.45447
8202782756.49998
8419830888.60125
8641464904.69
8867757458.61125
9098781974.27086
9334612649.78381
9575324461.62326
9820993168.77021
10071695316.8639
10327508242.3532
10588510076.6482
10854779750.2727
11126396997.0178
11403442358.0956
11685997186.2937
11974143650.1309
12267964738.0127
12567544262.3883
12872966863.9076
13184318015.5795
13501684026.9301
13825152048.1625
14154810074.3159
14490746949.4273
14833052370.6915
15181816892.6238
15537131931.2219
15899089768.1293
16267783554.7989
16643307316.6573
17025755957.2695
17415225262.5048
17811811904.7028
18215613446.8401
18626728346.6974
19045255961.028
19471296549.7255
19904951279.9937
20346322230.5156
20795512395.6242
21252625689.4729
21717766950.2069
22191041944.1356
22672557369.9046
23162420862.6689
23660740998.2666
24167627297.3934
24683190229.7765
25207541218.3507
25740792643.4336
26283057846.9024
26834451136.3706
27395087789.3652
27965084057.505
28544557170.6789
29133625341.2248
29732407768.1092
30341024641.1072
30959597144.9832
31588247463.6717
32227098784.4586
32876275302.1641
33535902223.3242
34206105770.3748
34887013185.8344
35578752736.4884
36281453717.5738
36995246456.964
37720262319.3544
38456633710.4484
39204494081.1436
39963977931.7191
40735220816.0224
41518359345.658
42313531194.175
43120875101.2563
43940530876.9077
44772639405.6476
45617342650.6973
46474783658.1718
47345106561.2704
48228456584.4685
49124980047.7095
50034824370.5973
50958138076.5894
51895070797.1898
52845773276.1426
53810397373.6268
54789096070.4504
55782023472.2457
56789334813.6644
57811186462.5742
58847735924.2544
59899141845.5928
60965564019.2829
62047163388.022
63144102048.7083
64256543256.6398
65384651429.7131
66528592152.6223
67688532181.0591
68864639445.9128
70057083057.47
71266033309.6162
72491661684.0367
73734140854.4188
74993644690.6523
76270348263.0342
77564427846.4691
78876060924.6741
80205426194.3819
81552703569.5444
82918074185.5372
84301720403.3649
85703825813.8653
87124575241.9155
88564154750.6374
90022751645.6046
91500554479.0478
92997753054.0629
94514538428.8177
96051102920.7604
97607640110.8262
99184344847.6472
100781413251.76
102399042719.817
104037431928.792
105696780840.195
107377290704.277
109079164064.247
110802604760.475
112547817934.713
114315010034.295
116104388816.361
117916163352.06
119750544030.767
121607742564.296
123487971991.112
125391446680.545
127318382337.005
129268996004.193
131243506069.323
133242132267.327
135265095685.08
137312618765.609
139384925312.311
141482240493.171
143604790844.976
145752804277.536
147926510077.894
150126138914.552
152351922841.683
154604095303.354
156882891137.739
159188546581.342
161521299273.216
163881388259.18
166269053996.042
168684538355.816
171128084629.946
173599937533.522
176100343209.508
178629549232.954
181187804615.228
183775359808.229
186392466708.615
189039378662.023
191716350467.294
194423638380.693
197161500120.135
199930194869.407
202729983282.396
205561127487.307
208423891090.893
211318539182.678
214245338339.18
217204556628.141
220196463612.751
223221330355.871
226279429424.264
229371034892.818
232496422348.776
235655868895.961
238849653159.005
242078055287.574
245341356960.6
248639841390.507
251973793327.439
255343499063.489
258749246436.933
262191324836.451
265670025205.363
269185640045.856
272738463423.217
276328790970.061
279956919890.561
283623148964.681
287327778552.408
291071110597.983
294853448634.131
298675097786.292
302536364776.859
306437557929.406
310378987172.922
314360964046.044
318383801701.291
322447814909.296
326553320063.044
330700635182.098
334890079916.845
339121975552.718
343396645014.442
347714412870.262
352075605336.179
356480550280.193
360929577226.526
365423017359.87
369961203529.618
374544470254.099
379173153724.822
383847591810.702
388568124062.31
393335091716.1
398148837698.652
403009706630.91
407918044832.418
412874200325.564
417878522839.809
422931363815.937
428033076410.286
433184015498.992
438384537682.226
443635001288.438
448935766378.592
454287194750.411
459689649942.612
465143497239.156
470649103673.479
476206838032.739
481817070862.059
487480174468.762
493196522926.622
498966492080.099
504790459548.583
510668804730.64
516601908808.253
522590154751.062
528633927320.612
534733613074.597
540889600371.097
547102279372.829
553372042051.388
559699282191.495
566084395395.236
572527779086.31
579029832514.274
585590956758.792
592211554733.871
598892031192.115
605632792728.97
612434247786.966
619296806659.969
626220881497.422
633206886308.595
640255236966.833
647366351213.798
654540648663.726
661778550807.662
669080481017.719
676446864551.321
683878128555.45
691374702070.897
698937016036.512
706565503293.447
714260598589.413
722022738582.92
729852361847.537
737749908876.131
745715822085.128
753750545818.752
761854526353.282
770028211901.303
778272052615.95
786586500595.168
794972009885.953
803429036488.618
811958038361.023
820559475422.849
829233809559.83
837981504628.025
846803026458.055
855698842859.354
864669423624.437
873715240533.138
882836767356.873
892034479862.885
901308855818.501
910660374995.385
920089519173.799
929596772146.839
939182619724.711
948847549738.966
958592052046.768
968416618535.142
978321743125.23
988307921776.552
998375652491.246
1008525435318.34
1018757772358
1029073167765.78
1039472127756.89
1049955160610.46
1060522776673.75
1071175488366.47
1081913810185
1092738258706.62
1103649352593.86
1114647612598.64
1125733561566.61
1136907724441.39
1148170628268.8
1159522802201.15
1170964777501.49
1182497087547.83
1194120267837.48
1205834855991.24
1217641391757.66
1229540417017.36
1241532475787.19
1253618114224.61
1265797880631.85
1278072325460.2
1290442001314.3
1302907462956.35
1315469267310.43
1328127973466.68
1340884142685.65
1353738338402.49
1366691126231.24
1379743073969.11
1392894751600.69
1406146731302.26
1419499587446.04
1432953896604.41
1446510237554.24
1460169191281.11
1473931340983.56
1487797272077.41
1501767572199.95
1515842831214.26
1530023641213.42
1544310596524.84
1558704293714.47
1573205331591.08
1587814311210.5
1602531835879.96
1617358511162.24
1632294944880.04
1647341747120.17
1662499530237.85
1677768908860.97
1693150499894.35
1708644922524.01
1724252798221.4
1739974750747.75
1755811406158.23
1771763392806.29
1787831341347.9
1804015884745.81
1820317658273.83
1836737299521.08
1853275448396.27
1869932747131.96
1886709840288.82
1903607374759.91
1920625999774.95
1937766366904.56
1955029130064.55
1972414945520.17
1989924471890.42
2007558370152.24
2025317303644.87
2043201938074.03
2061212941516.27
2079350984423.14
2097616739625.58
2116010882338.07
2134534090162.98
2153187043094.8
2171970423524.43
2190884916243.41
2209931208448.26
2229109989744.66
2248421952151.79
2267867790106.58
2287448200467.96
2307163882521.14
2327015537981.9
2347003871000.83
2367129588167.62
2387393398515.33
2407796013524.64
2428338147128.15
2449020515714.62
2469843838133.27
2490808835698.03
2511916232191.82
2533166753870.83
2554561129468.76
2576100090201.13
2597784369769.54
2619614704365.92
2641591832676.83
2663716495887.7
2685989437687.16
2708411404271.24
2730983144347.7
2753705409140.26
2776578952392.92
2799604530374.18
2822782901881.35
2846114828244.82
2869601073332.31
2893242403553.17
2917039587862.64
2940993397766.12
2965104607323.47
2989373993153.23
3013802334436.97
3038390412923.47
3063139012933.11
3088048921362.02
3113120927686.46
3138355823967.04
3163754404852.98
3189317467586.45
3215045812006.78
3240940240554.77
3267001558276.95
3293230572829.87
3319628094484.36
3346194936129.83
3372931913278.5
3399839844069.74
3426919549274.27
3454171852298.53
3481597579188.87
3509197558635.84
3536972621978.55
3564923603208.84
3593051338975.59
3621356668589.05
3649840434025.07
3678503479929.32
3707346653621.72
3736370805100.57
3765576787046.89
3794965454828.73
3824537666505.38
3854294282831.66
3884236167262.28
3914364185955.99
3944679207779.97
3975182104314.03
4005873749854.96
4036755021420.72
4067826798754.81
4099089964330.5
4130545403355.11
4162194003774.29
4194036656276.31
4226074254296.36
4258307694020.76
4290737874391.32
4323365697109.58
4356192066641.09
4389217890219.68
4422444077851.76
4455871542320.64
4489501199190.69
4523333966811.75
4557370766323.34
4591612521658.96
4626060159550.38
4660714609531.86
4695576803944.57
4730647677940.69
4765928169487.83
4801419219373.28
4837121771208.23
4873036771432.13
4909165169316.94
4945507916971.4
4982065969345.32
5018840284233.88
5055831822281.91
5093041546988.12
5130470424709.46
5168119424665.35
5205989518941.98
5244081682496.59
5282396893161.77
5320936131649.71
5359700381556.5
5398690629366.44
5437907864456.25
5477353079099.43
5517027268470.54
5556931430649.42
5597066566625.52
5637433680302.17
5678033778500.89
5718867870965.64
5759936970367.14
5801242092307.09
5842784255322.53
5884564480890.11
5926583793430.29
5968843220311.77
6011343791855.64
6054086541339.74
6097072505002.96
6140302722049.41
6183778234652.87
6227500087960.96
6271469330099.45
6315687012176.55
6360154188287.26
6404871915517.49
6449841253948.54
6495063266661.27
6540539019740.39
6586269582278.83
6632256026381.88
6678499427171.65
6725000862791.22
6771761414408.99
6818782166222.94
6866064205464.95
6913608622405.05
6961416510355.75
7009488965676.26
7057827087776.88
7106431979123.15
7155304745240.28
7204446494717.35
7253858339211.59
7303541393452.76
7353496775247.28
7403725605482.73
7454229008131.94
7505008110257.36
7556064042015.41
7607397936660.63
7659010930550.1
7710904163147.65
7763078777028.18
7815535917881.94
7868276734518.8
7921302378872.59
7974614006005.37
8028212774111.64
8082099844522.78
8136276381711.18
8190743553294.67
8245502530040.71
8300554485870.72
8355900597864.39
8411542046263.88
8467480014478.26
8523715689087.65
8580250259847.62
8637084919693.41
8694220864744.23
8751659294307.61
8809401410883.62
8867448420169.19
8925801531062.41
8984461955666.78
9043430909295.59
9102709610476.09
9162299280953.87
9222201145697.12
9282416432900.94
9342946373991.59
9403792203630.82
9464955159720.17
9526436483405.2
9588237419079.88
9650359214390.78
9712803120241.41
9775570390796.54
9838662283486.42
9902080059011.19
9965824981344.98
10029898317740.4
10094301338732.8
10159035318144.4
10224101533088.7
10289501263974.9
10355235794512
10421306411713
10487714405899.6
10554461070706.2
10621547703084
10688975603305.8
10756746074969.8
10824860425004.4
10893319963671.9
10962126004573.3
11031279864652.4
11100782864200
11170636326858.3
11240841579625.1
11311399952858.5
11382312780280.5
11453581398981.9
11525207149426.1
11597191375454
11669535424287.6
11742240646534.9
11815308396193.8
11888740030656.6
11962536910714.1
12036700400560.2
12111231867796
12186132683433.9
12261404221902.3
12337047861049.7
12413064982148.9
12489456969901.3
12566225212441.7
12643371101341.8
12720896031615
12798801401720.5
12877088613567.8
12955759072520.8
13034814187402.2
13114255370497.7
13194084037560.5
13274301607815.2
13354909503962.5
13435909152183.6
13517301982143.7
13599089426997.2
13681272923391.7
13763853911472
13846833834884.7
13930214140782.5
14013996279828.5
14098181706200.2
14182771877594
14267768255230
14353172303855.2
14438985491748.7
14525209290725.9
14611845176142.1
14698894626897.9
14786359125442.3
14874240157778.2
14962539213465.8
15051257785626.9
15140397370950.2
15229959469694.3
15319945585692.8
15410357226358.5
15501195902687.5
15592463129263.4
15684160424262.1
15776289309455.7
15868851310216.8
15961847955522.8
16055280777960.5
16149151313730.2
16243461102649.8
16338211688159.3
16433404617325.2
16529041440844.7
16625123713049.8
16721652991911.9
16818630839046
16916058819715
17013938502833.8
17112271460974
17211059270367.9
17310303510912.9
17410005766175.6
17510167623396.6
17610790673494.2
17711876511069.2
17813426734408.7
17915442945491.1
18017926749989.6
18120879757277
18224303580430.1
18328199836233.4
18432570145184.1
18537416131495.9
18642739423103.6
18748541651667.3
18854824452576.6
18961589464955.1
19068838331664.5
19176572699308.9
19284794218239.6
19393504542558.6
19502705330123.4
19612398242551.2
19722584945223.4
19833267107289.4
19944446401671.4
20056124505068.5
20168303097960.9
20280983864614.5
20394168493084.9
20507858675221.8
20622056106673.3
20736762486890.4
20851979519131
20967708910464.3
21083952371775.2
21200711617768.5
21317988366973.2
21435784341747
21554101268280.3
21672940876600.7
21792304900577.2
21912195077924.7
22032613150208
22153560862846.2
22275039965117.4
22397052210162.4
22519599354989.2
22642683160477.7
22766305391383.3
22890467816341.9
23015172207873.7
23140420342387.8
23266214000186.3
23392554965468.8
23519445026336.6
23646885974796.8
23774879606767.1
23903427722079.8
24032532124485.8
24162194621659.5
24292417025203
24423201150649.7
24554548817469.7
24686461849073.2
24818942072815.4
24951991320000.2
25085611425885.2
25219804229685.6
25354571574578.4
25489915307707.1
25625837280185.6
25762339347102.8
25899423367526.7
26037091204509
26175344725089
26314185800298.1
26453616305164.3
26593638118716.2
26734253123987.4
26875463208020.9
27017270261873.4
27159676180619.4
27302682863355.8
27446292213205.8
27590506137323.8
27735326546899.1
27880755357160.8
28026794487381.4
28173445860881.8
28320711405035.1
28468593051271.2
28617092735081
28766212396020.7
28915953977716.2
29066319427867.1
29217310698251.6
29368929744730.2
29521178527250.3
29674059009850.6
29827573160664.8
29981722951927.2
30136510359975.3
30291937365255.6
30448005952327.1
30604718109865.8
30762075830668.9
30920081111659.5
31078735953890.3
31238042362548.7
31398002346960
31558617920593
31719891101063.2
31881823910137.9
32044418373740
32207676521952.4
32371600389022.6
32536192013366.7
32701453437573.8
