"Num.Leaves" "Colles.Like" "Sackin" "Cophenetic" "Num.Trees"
3 1.27572235696603 5 1 6
4 3.18411082078178 8.70175438596491 3.6140350877193 57
5 5.47876790298269 12.7647058823529 8.13725490196078 51
6 7.75245179366785 17.2295081967213 14.344262295082 61
7 9.00617720019125 21.4302325581395 20.6627906976744 86
8 13.356808592104 27.6666666666667 34.0833333333333 96
9 17.7337018457827 33.8343195266272 48.6213017751479 169
10 21.2336228956944 40.1073446327684 67.5310734463277 177
11 27.8862635611983 47.8176470588235 96.2 170
12 27.6940420682045 51.3957219251337 113.72192513369 187
13 33.2579341802908 59.1840490797546 141.472392638037 163
14 33.3460243853704 63.125 151.141304347826 184
15 44.3716197076136 74.9822485207101 217.585798816568 169
16 46.3710838644899 81.1230769230769 235.764102564103 195
17 49.4766661935464 87.2559523809524 271.428571428571 168
18 53.1421357026961 94.1673306772908 319.147410358566 251
19 60.4863116151751 102.38 381.71 200
20 71.2144522087307 115.356275303644 441.315789473684 247
21 75.1500385660522 123.475961538462 509.115384615385 208
22 77.3320096691701 127.632075471698 524.146226415094 212
23 93.9718923793619 143.151898734177 701.379746835443 237
24 88.6771591306771 144.50625 682.675 160
25 94.4353368160677 151.490825688073 728.550458715596 218
26 112.86398148844 173.259259259259 935.570987654321 324
27 102.655870328495 165.649214659686 893.026178010471 191
28 104.379104380803 173.364806866953 935.68669527897 233
29 106.369898769952 180.731578947368 1044.32631578947 190
30 110.870999678697 186.330508474576 1089.5 236
31 118.565415869625 197.443514644351 1211.64853556485 239
32 126.829027265472 210.493333333333 1367.28666666667 150
33 140.248866645035 222.37125748503 1485.14371257485 167
34 157.631547520837 242.971962616822 1730.76635514019 214
35 150.408698042322 239.298780487805 1697.18902439024 164
36 156.850026880882 251.307692307692 1884.88461538462 130
37 182.64203336784 273.982832618026 2099.15450643777 233
38 191.453149332771 289.33064516129 2267.91532258065 248
39 196.767171843287 295.629032258065 2450.45967741935 124
40 178.798595900904 284.877005347594 2258.8449197861 187
41 214.870748419757 317.488372093023 2698.27131782946 129
42 192.434614585625 300.485294117647 2630.08823529412 136
43 241.618038736344 344.785714285714 3072.86904761905 168
44 207.850509922764 328.872483221477 2971.21476510067 149
45 231.931916764861 352.328 3286.912 125
46 266.602596613972 383.876811594203 3846.95652173913 138
47 258.347191532676 381.92 3663.79 100
48 320.729880956656 431.771812080537 4599.62416107383 149
49 288.780029209583 414.842105263158 4178.27368421053 95
50 266.46820086158 401.508064516129 4098.60483870968 124
51 285.208000528469 420.393617021277 4301.04255319149 94
52 229.147014110159 376.428571428571 3933.10526315789 133
53 313.967511585984 452.833333333333 5178.94871794872 78
54 304.41279739089 453.617021276596 5228.85106382979 94
55 257.584457057762 417.170542635659 4720.06201550388 129
56 355.128053439191 502.265060240964 6062.03614457831 83
57 306.70061392918 475.628205128205 5369.37179487179 78
58 319.582221874805 489.140845070423 5852.60563380282 71
59 386.648121615914 538.910256410256 6551.5641025641 78
60 326.888098423962 496.761904761905 6167.80952380952 105
61 408.13104935486 569.826086956522 7499.85507246377 69
62 335.796040382875 514.194805194805 6693.38961038961 77
63 373.498466334763 553.027397260274 7006.94520547945 73
64 429.128984924418 589.782051282051 8264.97435897436 78
65 320.797629630336 510.04347826087 7055.78260869565 46
66 471.705115452733 644.070588235294 9546.45882352941 85
67 445.058196704903 626.616666666667 8976.31666666667 60
68 405.025241859155 600.635135135135 8259.39189189189 74
69 353.735182366878 565.901960784314 7642.94117647059 51
70 477.997207934791 669.716049382716 10067.0617283951 81
71 389.701097599886 613.825 8868.9125 80
72 461.263994277335 677.418181818182 10077 165
73 525.970149352077 720.365079365079 10915.2698412698 63
74 494.253407980633 707.337662337662 11131.6233766234 77
75 509.16726757148 707.267857142857 10706.1785714286 56
76 507.286247132407 729.04347826087 11363.3333333333 69
77 433.672995028599 694.462809917355 10508.6859504132 121
78 556.430520724965 776.826923076923 12857.5 52
79 472.216413341266 724.173913043478 12772.5217391304 23
80 582.441463877258 812.076923076923 14829.0461538462 65
81 562.739626790648 793.18 13260.72 50
82 567.439377459013 796.93023255814 13235.2790697674 43
83 551.10670844544 792.489361702128 13436.6382978723 47
84 605.35897983442 841.548387096774 14249.064516129 62
85 733.288687546927 942.581395348837 17480.3488372093 43
86 589.019654077176 829.030303030303 15931.6060606061 33
87 616.121537747897 873.857142857143 14942.5714285714 28
88 805.282339763184 1008.95833333333 18641.3958333333 48
89 703.687741995453 945.131578947368 18737.7105263158 38
90 652.778210270322 916.674418604651 15579.1162790698 43
91 668.755929371833 925.078947368421 19922.8421052632 38
92 607.214960276374 904.769230769231 16273 26
93 793.197117662281 1044.61428571429 22045.4714285714 70
94 621.029314182632 899.675675675676 18320.2972972973 37
95 747.014480622509 1019.17857142857 20711.4642857143 28
96 456.344787534116 802.243902439024 16005.4146341463 41
97 634.975900471823 926.214285714286 17985.8571428571 28
98 744.247099941521 1023.76923076923 20009.5769230769 26
99 817.048233685371 1098.71875 25492.59375 32
100 843.695823848611 1104.4347826087 23695.8260869565 23
101 819.843361717668 1095.68 25812.24 25
102 772.052300991234 1083.38 18739.56 50
103 807.964200859733 1110.96153846154 25846.3076923077 26
104 909.795258113492 1200.85964912281 28033.7719298246 57
105 580.466421037986 942.793103448276 19066.3448275862 29
106 650.313595289051 1025.46153846154 21991.3076923077 13
107 1046.89339284899 1296.27586206897 28903.7931034483 29
108 851.494803614065 1176.85714285714 24859.1428571429 21
109 749.930918788193 1072.58333333333 27914.8333333333 24
110 798.605559995668 1133.72727272727 24926.0303030303 33
111 798.083986649893 1136.05 25940.85 20
112 1041.69735950843 1321.35294117647 34165 17
113 936.348104515185 1253.38888888889 29792.2222222222 18
114 974.552997400807 1312.2 31417.2 15
115 725.106627537753 1129.53125 27705.09375 32
116 1228.38085284703 1482.79166666667 35106.1875 48
117 940.333145030581 1282.38461538462 33588.0769230769 13
118 902.000763152185 1234.5 30765.5 4
119 799.330299752286 1193.19047619048 28292.0476190476 21
120 980.484394096146 1386.66666666667 39610 12
121 855.487523700761 1282.57142857143 27357.1904761905 21
122 947.403860353408 1313.33333333333 32912.6111111111 18
123 1044.21371089774 1427.47058823529 40196.4705882353 17
124 929.417858115227 1340.5 30976.125 8
125 1479.42260505845 1738.33333333333 48889 6
126 1187.88231681518 1520 41215.5333333333 15
127 1252.51745529848 1578.24137931034 43197.0689655172 29
128 1240.6444572271 1575.9 45848.4 10
129 1059.57042188606 1490.95 39314.35 20
130 1153.56570249976 1553.91666666667 41532.8333333333 24
131 1037.53968591933 1461.38461538462 34867.2307692308 13
132 1073.14194807318 1498.4375 40607.875 16
133 1385.50567120372 1725.72727272727 53020.2272727273 22
134 1100.32558633535 1522.06666666667 39956.1333333333 15
135 1281.03619698793 1624.42857142857 49373.0714285714 14
136 1080.05230952696 1519 43850.75 4
137 960.195311220692 1481.7 41956.2 30
138 1133.15278300351 1557.27272727273 41681.0909090909 11
139 1352.68172619022 1774.44 56863 25
140 695.106767672262 1208.66666666667 25592.6666666667 6
141 814.215799311106 1388.42857142857 40237 7
142 783.86423844861 1302.5 23289.75 4
143 1433.84384455918 1803 60328 5
144 936.831083348832 1432.3 45991.4 10
145 1169.81133768501 1693 54630 1
146 1674.11705603042 2013.5 59865 4
147 1105.27551647182 1610.92307692308 42801.6153846154 13
148 823.112236700683 1391.94117647059 34732.2941176471 34
149 1559.07341693187 1996.75 68164.25 4
150 1293.29715794938 1740.875 59212.875 8
151 1527.56507099893 1913.86363636364 59798.2272727273 22
152 476.103215618526 925.833333333333 39377.8333333333 6
153 1674.46970996198 2065.8 72142.6 15
154 986.155114426422 1485.93333333333 54848.9333333333 15
155 1406.25004260901 1866.85714285714 61936.7142857143 7
156 1796.09063690092 2179.28571428571 72184.2857142857 7
157 1402.49659629889 1868 56161.1428571429 7
158 1978.4941827327 2321.875 85817.125 8
159 1262.0521331639 1758.09090909091 56033.0909090909 11
160 1518.88362574181 2011.54545454545 66367.2727272727 11
161 1802.24468860026 2218 83311.625 8
162 1277.78457171831 1777.875 58180.125 8
163 1387.61648747622 1889 53543.5 4
164 1451.10993934043 1916 72272.75 8
166 1927.31063729419 2346.75 91052 8
167 2014.36560164936 2403.66666666667 87390.6666666667 3
168 1273.4415339543 1915.5 60536.25 8
169 1906.95038023521 2345.36363636364 86010.7272727273 11
170 1964.52591561942 2394.83333333333 83924 6
171 2069.78598897717 2461.42857142857 97508.3571428571 14
172 1215.68181541919 1852.4 40335.4 5
173 1445.95536367264 2065.5 67183.5 2
174 1646.23751400201 2198.16666666667 88473.5 6
175 2055.22776897071 2504.25 93451.5 4
176 1975.32849752619 2422 69202.8 5
177 1944.56526543977 2395.57142857143 77492.2857142857 7
178 1182.93460208541 1931 67292 1
179 1180.66873103434 1868.66666666667 47497 3
180 1972.05578623909 2436.75 92374.375 8
181 1714.34169693488 2302.33333333333 94882 3
182 1506.89260453743 2136.8 63309 5
183 2198.11436545723 2677 120408.25 4
184 1231.45655952053 1897 57029 3
185 1576.76870954739 2113.6 74801.2 5
186 2455.04937470074 2863.2 117748.6 5
187 2352.67414365337 2735.2 116587 10
188 1274.26923209177 2085.33333333333 69605 3
189 1430.20845862385 2205.66666666667 68849 3
190 2378.94085481517 2796.83333333333 104171.833333333 6
191 1973.46064661115 2541.71428571429 92509.5714285714 7
192 2107.49333370787 2651.5 103910.5 4
193 1824.73911959041 2617 104940 1
194 1954.23486448174 2503 106306.333333333 6
195 1826.40917438969 2408.5 65824 2
196 3026.59764001164 3323 152301 3
197 2262.099886959 2765.77777777778 101036 9
198 1704.70772342968 2400.16666666667 88167.6666666667 6
199 3145.93133227822 3428 173100 1
200 1879.24566810815 2505.5 111672.5 2
201 2814.45996654022 3202.66666666667 129699.666666667 3
202 2100.83122806594 2673.66666666667 91608 3
203 1482.11562345181 1961 92028.5 2
204 1611.87519802657 2367.5 67565.5 2
205 2569.95809332002 3043.66666666667 124463.666666667 3
206 2110.26580371359 2712 102477.25 4
207 2721.57490762621 3150.33333333333 161826.333333333 3
208 2760.71920453974 3232.33333333333 169200.333333333 3
209 1887.23017368454 2598.66666666667 116406.833333333 6
210 2126.83477318125 2731.75 107229.5 4
211 1434.53469204915 2322.5 71415 4
212 3274.02357024453 3631 177810 4
213 1174.86196189102 2033 54262 1
214 4745.04930673513 4727.5 242473 2
215 2032.63836269193 2839.2 126167 5
216 2420.47055195021 3054 119294 1
217 1934.49760607491 2689.75 124718.75 4
218 2306.94141078654 3039 148025 1
219 2697.73415987564 3359.66666666667 154193 3
221 1490.46895372197 2344 44297 1
222 2676.38011530284 3335 168064 2
223 2035.73460374242 2778 118374 1
224 1990.07702991645 2878 117406 1
225 2587.1649399271 3220.5 106065 2
226 2264.26543668614 2993.33333333333 119980 3
227 2122.25652960325 3105 157669 1
228 2409.82190329606 3031 150771.75 4
229 2774.27088561545 3471 171360 2
231 2406.01236523793 3068 128620.5 2
232 151.470860509669 582 27682 1
233 3279.88217975965 3719 189180 1
234 1895.56695941377 2700 87544.25 4
235 2663.70828134506 3306 172858 1
237 3095.62813806174 3469.5 217668.833333333 6
239 2143.21355970292 3024 102703 1
240 4357.01708982464 4598 215969 2
241 1629.62479862907 2805 159638 2
242 3877.54349816457 4266 222388.8 5
243 4531.89358997152 4875.88888888889 319613.555555556 36
244 3025.73608355619 3556.8 159979 5
245 2652.22678013237 3239 107041 2
246 3419.33049908814 3982 204357.666666667 6
247 3438.70961320193 3969.5 193028.5 2
248 2610.25635427376 3306 166203 2
249 2491.81444137703 3290.5 146868.75 4
251 3285.54267477983 3973.5 247794 2
252 880.620628659604 2185 126514 1
253 5181.48142466881 5273.6 254376.6 5
254 609.294206462309 1947 73882 2
256 3451.83596281615 4102.5 263074 2
257 2715.06501224021 3771 222705.666666667 3
259 2513.56775321812 3329.75 158307.875 8
260 1431.02797252958 2123.66666666667 132395.666666667 3
261 631.771400049493 1396.66666666667 65764.6666666667 3
263 2499.39557593576 3450.33333333333 193490 3
264 2219.59111350693 3327 148858 1
265 2591.6186789464 3435.66666666667 197603.333333333 3
267 1751.13440180017 3000.5 135369.25 4
270 4564.9598340101 4987 287706 3
274 1723.91922410513 2901.5 91957.5 6
275 6581.45163958773 6429 400067 1
276 2594.8192740689 3548 163824 1
277 5363.13678868517 5646 379239 1
278 3308.00957097632 4531 294288 1
279 4208.84843994313 4861 305454.666666667 3
284 2066.79445987022 3125.75 176691.5 4
285 870.528128078983 2186.66666666667 162961.777777778 9
288 1811.11082719891 2958 187064 2
290 1650.52901318973 2580.25 151605.5 4
292 4258.99908873108 4988.5 377610.5 2
293 9072.93740274237 8562 761689 1
294 4550.50164729781 5003 185216 1
295 3377.85471352469 4412 238885.666666667 3
296 4124.62300046398 4882.5 292324.5 2
297 3271.50289430616 4158.54545454545 226883.787878788 33
299 2335.27729876983 3467.83333333333 196774 6
300 2189.1395645537 3598 146287 1
302 2610.12794235249 3706 112518 1
305 4302.37364886792 5070.5 320845.5 2
306 4038.93698215444 4770 263681 1
309 4177.99071906373 4921.66666666667 276296 3
310 4948.52702267121 5441 343698 1
311 3017.08337422465 4187.5 239836.5 2
312 2429.96217575275 3741 127520.333333333 3
314 11634.1626547445 10647 711532 1
315 3616.16768736436 4535.5 263896.5 2
316 3971.32369723524 4859 189330 1
317 3335.64914499041 4486 255714 1
319 4328.64738380814 5669 513381 1
321 4250.2932736266 5095 301782 1
322 2629.969786674 4074 181483 1
324 3609.8690294282 4597 230975.5 2
326 5533.2331029473 6096 438017.666666667 3
327 169.087756163641 669 52338 1
329 3122.96832985283 4470 201922 1
330 3542.29613108587 4920.5 354671 2
331 5945.38487041015 6500.33333333333 486649.666666667 3
332 1183.60792882499 2959 147051 2
333 3660.04744213552 4800 213757 2
334 731.448126827991 2378 149479 1
340 4311.51632575951 5405 275155 2
344 4628.32071107274 5484 366885 1
346 1379.49702889674 2699 115182 1
348 6504.90829816976 6955 563454 1
350 4920.46113081796 5701 336875 1
352 6076.87697520197 7010 641167 1
355 3070.87633361005 4447.5 165758.5 2
360 1346.38694963512 3017 105145 1
361 2958.58022846769 4884 351683 1
362 3880.98591673811 5153.5 367000 2
364 6103.34698763577 6966.75 576630 4
368 5397.58129232325 6165 420793 1
370 6588.46811255104 7155.5 349611.5 2
371 6504.90829816976 7145 555891 1
372 3195.68450419989 4787 257680 1
375 3586.74834139118 5047.66666666667 253114.666666667 3
376 3755.10585696091 5170 289576.75 4
377 12949.8576455621 11913 979790 1
378 6082.68337155236 7096 588346.8 5
385 7138.94230958188 7612 675044 1
388 6849.99119572907 7537.5 570199.5 2
389 4886.01662717988 5940 420030 1
390 2991.56892708533 4677 166555 1
391 2869.57989582396 4273.5 327247.5 2
395 10510.6764990431 10335 1097169 1
397 5505.11219893668 6599 296831 1
398 4429.30802338604 5588 289420 1
400 3210.6138451072 4462.5 256293 2
401 5146.76868351653 6432 581448.833333333 6
402 3126.06212898176 4809 130973 2
404 3101.70629057006 5160 325954 1
405 7869.93122012341 8429 767547 1
407 3917.46467066176 5624.5 308202 2
409 3545.23243000858 5291 154947 1
412 4221.79051998623 5932 320356 1
413 5773.06890605692 7033 530009 1
414 6982.02845967506 7687 704835 1
417 6527.87130059515 7285 207038 1
419 10585.9441181041 10340 820813 1
422 6220.42221256634 7262 631153 1
425 4464.96999540509 6246.33333333333 484319.666666667 6
429 5366.96395575607 6677 282389 1
432 6891.45217233047 7720 530955 1
434 6563.5915265902 7709 666452 2
439 5273.83622369755 6919 403078 1
445 7084.08624823234 8113 699936 1
448 2889.93090610958 5334 321389 1
449 3355.75842205352 6121 613631 1
453 3964.24732744518 5431.5 349293 2
454 8045.98090538472 8819 372569 1
456 6064.05510022196 7699.66666666667 698416 3
459 4849.60572286405 6606 672376 1
460 6286.75977512857 7432 576201 1
463 10033.5563375378 10191 485193 1
477 14018.9129806997 13449 1637702 3
482 6391.36900839979 7762 617009 1
486 12397.4698649958 12288 1464507 1
487 8002.60634524788 8871 401572 1
491 5144.98826564398 7049 530732 1
497 10739.03080094 11056 1209231 1
511 11054.1342231106 11597 1399018 1
513 12486.3451891978 12748 1468627 1
517 7741.37680564112 9095.5 1096234 2
536 14320.8927339491 14962.3333333333 2512165.33333333 3
545 10728.3997812986 11552.5 723250.5 2
559 9123.54105623536 10806 1603513 1
566 10011.8690574694 11208 1245113 1
573 10504.2978872583 11694 1393049 1
575 5394.60460682367 8167 543974 1
590 4631.58332374141 8274 1112571 1
591 12602.8611644674 13355 1736781 1
600 5079.45669461077 8341 954918.5 2
620 17378.9240894664 18815 2564464 2
627 14230.682891956 14691 2085311 1
639 51430.2240882601 43686.75 8212656.25 4
640 12718.2474995065 13910 2065347 3
651 20962.6697696657 20395 4214829 1
658 12874.405082101 14153 1910085.25 8
661 5144.52418571727 8790 716422 2
666 13709.1013385519 15327.6666666667 2374292.33333333 3
682 9824.33787099536 11871 881562 1
699 15234.2511461026 16232 1838992 1
767 13098.4793001487 15384.5 2251583.5 2
793 14015.0858136288 16152 1736958 1
797 8178.65603050919 11685 929024 1
802 16569.1810712352 18272 2638147 1
815 10781.5548795055 14095 1378847 1
826 18625.546411704 19962 3466856 1
913 44618.3894348867 39727 7723945 1
920 19512.598690581 21468 4406366 1
934 34843.3794950274 32464 7558947 1
977 9342.35552399378 15777 2508712 1
1194 34160.4427932649 34101.3333333333 8323517.33333333 3
1205 28210.6863407682 30212.5 6593888 2
1284 12548.6448636211 20456 3703635 1
1295 9203.43451239377 18460 3671218 1
1317 37076.3188605036 37916 11941594 1
1628 33270.8390696739 36648 6503946 1
1653 42086.0805563092 44670 15926126 1
2356 71821.8929748303 72499 11101219 1
2872 62144.263174886 70507 33513212 1
2957 64660.8857233063 78791 54379928.5 2
