0
0
0
0.320000000000007
1.91836734693879
6.58049886621319
17.0440771349863
37.0899093136854
71.6117013056873
126.671836306071
209.547294031892
328.768313980736
494.151534353519
716.828809456201
1009.2725707422
1385.31837192729
1860.18510380403
2450.49325461457
3174.28151205704
4051.02194375919
5101.633948235
6348.49713387332
7815.46325660849
9527.86732565929
11512.5379697091
13797.8071421486
16413.5192327719
19391.0396440757
22763.2628826281
26564.620209561
30831.0868888262
35600.1890672774
40911.0103167326
46804.1978648213
53321.9685385394
60508.1144419333
68408.0083871637
77068.6090963047
86538.4661895686
96867.7249741827
108108.131046855
120313.034721617
133537.395293815
147837.78515011
163272.393733548
179901.031372011
197785.132977725
216987.761624905
237573.61201209
259609.013815213
283161.934937061
308301.98465833
335100.416695164
363630.132167693
393965.68248384
426183.272142294
460360.761458432
496577.669216591
534915.175251979
575456.122965295
618285.021772887
663488.049495202
711153.054686049
761369.558905091
814228.75893583
869823.528951228
928248.422628989
989599.675218472
1053975.20556094
1121474.61806498
1192199.20463874
1266251.94658037
1343737.51642835
1424762.27977304
1509434.29703068
1597863.32518131
1690160.81947161
1786439.93508405
1886815.5287732
1991404.16047048
2100324.09485824
2213695.30291415
2331639.46342676
2454279.96448334
2581741.90493052
2714152.09580883
2851639.06176165
2994333.0424196
3142365.99376082
3295871.58944803
3454985.22214288
3619844.00479827
3790586.77192935
3967354.08086361
4150288.21297067
4339533.17487254
4535234.6996344
4737540.24793694
4946599.00923037
5162561.90287063
5385581.57923843
5615812.42084138
5853410.54339951
6098533.79691516
6351341.76672672
6611995.77454752
6880658.87948957
7157495.8790728
7442673.31022023
7736359.45023903
8038724.31778817
8349939.67383282
8670179.02258573
8999617.61243601
9338432.43686551
9686802.23535307
10044907.494267
10412930.4477458
10791055.0785678
11179467.1190097
11578354.0516937
11987905.1104248
12408311.2810171
12839765.3021103
13282461.6659757
13736596.6193132
14202368.1640374
14679976.0580561
15169621.8160382
15671508.7101724
16185841.7709188
16712827.7877495
17252675.3098823
17805594.6470059
18371797.8699955
18951498.8116226
19544913.0672547
20152257.995549
20773752.719137
21409618.125303
22060076.8666542
22725353.3617841
23405673.7959287
24101266.1216158
24812360.0593076
25539187.0980361
26281980.4960324
27040975.2813494
27816408.2524779
28608517.9789569
29417544.8019768
30243730.834978
31087319.9642423
31948557.8494788
32827691.9244041
33724971.3973174
34640647.2516686
35574972.2466223
36528200.9176161
37500589.5769126
38492396.3141477
39503880.9968725
40535305.2710909
41586932.5617915
42659028.073476
43751858.7906806
44865693.4784944
46000802.6830726
47157458.7321446
48335935.7355188
49536509.5855807
50759457.9577892
52005060.3111669
53273597.888786
54565353.7182512
55880612.6121775
57219661.1686635
58582787.7717626
59970282.5919471
61382437.5865713
62819546.5003297
64281904.8657101
65769810.0034456
67283561.022959
68823458.8228091
70389806.0911268
71982907.3060532
73603068.7361712
75250598.4409339
76925806.2710906
78629003.8691093
80360504.6695943
82120623.899702
83909678.5795532
85727987.5226425
87575871.336243
89453652.4218102
91361654.9753799
93300204.9879663
95269630.245955
97270260.3314931
99302426.6228771
101366462.294938
103462702.319421
105591483.465369
107753144.299495
109948025.186554
112176468.289719
114438817.570946
116735418.79134
119066619.511514
121432769.091958
123834218.693386
126271321.277098
128744431.605334
131253906.241615
133800103.5511
136383383.700926
139004108.660554
141662642.202106
144359349.900706
147094599.134813
149868759.086559
152682200.742075
155535296.891824
158428422.130925
161361952.85948
164336267.282893
167351745.412196
170408769.064362
173507721.862623
176648989.236785
179832958.423538
183060018.466768
186330560.217863
189644976.336021
193003661.288554
196407011.351187
199855424.608364
203349300.953538
206889042.089477
210475051.528551
214107734.593029
217787498.415368
221514751.938504
225289905.916135
229113372.913013
232985567.305221
236906905.280463
240877804.838336
244898685.790615
248969969.761527
253092080.188026
257265442.320072
261490483.220893
265767631.767266
270097318.649779
274479976.373104
278916039.256254
283405943.432857
287950126.851413
292549029.275558
297203092.284322
301912759.272383
306678475.450335
311500687.84493
316379845.299344
321316398.473418
326310799.843918
331363503.704781
336474966.167361
341645645.160679
346876000.431667
352166493.545414
357517587.885403
362929748.653762
368403442.871493
373939139.378719
379537308.834918
385198423.719158
390922958.330337
396711388.78741
402564193.029629
408481850.816762
414464843.729339
420513655.168868
426628770.358068
432810676.34109
439059861.983755
445376817.973761
451762036.820915
458216012.85736
464739242.237782
471332222.939639
477995454.763376
484729439.332644
491534680.094513
498411682.319688
505360953.102727
512383001.362247
519478337.841138
526647475.106777
533890927.551233
541209211.391479
548602844.669596
556072347.252982
563618240.834558
571241048.93297
578941296.892794
586719511.884738
594576222.905842
602511960.779682
610527258.156568
618622649.51374
626798671.155568
635055861.21375
643394759.647503
651815908.243763
660319850.617375
668907132.211291
677578300.296755
686333903.973497
695174494.169927
704100623.64332
713112846.980004
722211720.595554
731397802.734967
740671653.472864
750033834.713655
759484910.191744
769025445.471697
778656007.948431
788377166.847393
798189493.224745
808093559.967545
818089941.793911
828179215.253222
838361958.726278
848638752.425491
859010178.395044
869476820.511086
880039264.481882
890698097.848019
901453909.982546
912307292.091166
923258837.212406
934309140.217781
945458797.811966
956708408.53297
968058572.752296
979509892.675117
991062972.340441
1002718417.62127
1014476836.22479
1026338837.69248
1038305033.40035
1050376036.55906
1062552462.21408
1074834927.24587
1087224050.37003
1099720452.13747
1112324754.93458
1125037582.98334
1137859562.34155
1150791320.90292
1163833488.3973
1176986696.39074
1190251578.28577
1203628769.32142
1217118906.57349
1230722628.95465
1244440577.21458
1258273393.94015
1272221723.5556
1286286212.32261
1300467508.34054
1314766261.5465
1329183123.71557
1343718748.46091
1358373791.23392
1373148909.32438
1388044761.86061
1403062009.80961
1418201315.97721
1433463345.0082
1448848763.38651
1464358239.43531
1479992443.31721
1495752047.03433
1511637724.4285
1527650151.18142
1543790004.81472
1560057964.69017
1576454712.0098
1592980929.81606
1609637302.99191
1626424518.261
1643343264.18781
1660394231.17778
1677578111.47742
1694895599.1745
1712347390.19814
1729934182.31898
1747656675.14929
1765515570.14312
1783511570.59643
1801645381.64722
1819917710.27568
1838329265.30431
1856880757.39803
1875572899.06437
1894406404.65355
1913381990.35862
1932500374.21564
1951762276.10372
1971168417.74523
1990719522.70589
2010416316.39492
2030259526.06513
2050249880.8131
2070388111.57927
2090674951.1481
2111111134.14813
2131697397.0522
2152434478.1775
2173323117.68573
2194364057.58321
2215558041.72103
2236905815.79514
2258408127.34648
2280065725.76114
2301879362.27044
2323849789.95105
2345977763.72516
2368264040.36055
2390709378.47073
2413314538.51507
2436080282.79891
2459007375.47368
2482096582.537
2505348671.83286
2528764413.05168
2552344577.73041
2576089939.25274
2600001272.84912
2624079355.59695
2648324966.42062
2672738886.0917
2697321897.22904
2722074784.29883
2746998333.61478
2772093333.33821
2797360573.47817
2822800845.89151
2848414944.28308
2874203664.20578
2900167803.06066
2926308160.09709
2952625536.41283
2979120734.95415
3005794560.51596
3032647819.74186
3059681321.12436
3086895875.00486
3114292293.57389
3141871390.87108
3169633982.78541
3197580887.05521
3225712923.26833
3254030912.86222
3282535679.12405
3311228047.1908
3340108844.04939
3369178898.5368
3398439041.34009
3427890104.99662
3457532923.8941
3487368334.27068
3517397174.2151
3547620283.66673
3578038504.41573
3608652680.10316
3639463656.22103
3670472280.11246
3701679400.97173
3733085869.84443
3764692539.62753
3796500265.0695
3828509902.77038
3860722311.18195
3893138350.60777
3925758883.20328
3958584772.97594
3991616885.78529
4024856089.34312
4058303253.21346
4091959248.81273
4125824949.4099
4159901230.12653
4194188967.9368
4228689041.66777
4263402331.99936
4298329721.46445
4333472094.44903
4368830337.19228
4404405337.78661
4440197986.17787
4476209174.16533
4512439795.40186
4548890745.39394
4585562921.50185
4622457222.93973
4659574550.77562
4696915807.93163
4734481899.18401
4772273731.1632
4810292212.354
4848538253.09563
4887012765.58177
4925716663.86075
4964650863.83554
5003816283.26395
5043213841.75865
5082844460.78725
5122709063.67243
5162808575.59205
5203143923.57919
5243716036.52225
5284525845.16506
5325574282.10699
5366862281.80298
5408390780.56365
5450160716.55544
5492173029.80063
5534428662.17748
5576928557.4203
5619673661.11949
5662664920.72173
5705903285.52997
5749389706.70361
5793125137.25845
5837110532.06697
5881346847.85822
5925835043.21805
5970576078.58914
6015570916.27103
6060820520.42036
6106325857.05079
6152087894.03317
6198107601.09563
6244385949.82363
6290923913.66009
6337722467.90537
6384782589.71754
6432105258.11226
6479691453.96298
6527542160.00104
6575658360.8157
6624041042.85419
6672691194.42191
6721609805.68237
6770797868.65742
6820256377.2272
6869986327.13033
6919988715.96387
6970264543.18355
7020814810.10373
7071640519.89754
7122742677.59694
7174122290.09279
7225780366.13499
7277717916.3325
7329935953.15344
7382435490.92514
7435217545.83426
7488283135.9269
7541633281.10857
7595269003.14439
7649191325.65907
7703401274.13708
7757899875.92265
7812688160.21985
7867767158.09277
7923137902.46548
7978801428.12215
8034758771.70715
8091010971.72507
8147559068.54089
8204404104.37996
8261547123.32814
8318989171.33182
8376731296.1981
8434774547.5947
8493119977.05022
8551768637.95407
8610721585.55661
8669979876.96928
8729544571.16452
8789416728.97604
8849597413.09869
8910087688.08871
8970888620.36369
9032001278.20274
9093426731.74644
9155166052.99702
9217220315.81844
9279590595.93631
9342277970.93822
9405283520.27353
9468608325.25365
9532253469.05206
9596220036.70433
9660509115.10823
9725121793.0238
9790059161.07341
9855322311.7419
9920912339.37654
9986830340.18716
10053077412.2462
10119654655.489
10186563171.7133
10253804064.5799
10321378439.6127
10389287404.1981
10457532067.5859
10526113540.8891
10595032937.0836
10664291371.0088
10733889959.3672
10803829820.7249
10874112075.5114
10944737846.0198
11015708256.4066
11087024432.6924
11158687502.761
11230698596.3603
11303058845.1023
11375769382.4625
11448831343.7807
11522245866.2608
11596014088.9706
11670137152.8425
11744616200.6729
11819452377.1225
11894646828.7168
11970200703.8454
12046115152.7627
12122391327.5875
12199030382.3036
12276033472.7591
12353401756.6675
12431136393.6067
12509238545.0197
12587709374.2147
12666550046.3648
12745761728.5082
12825345589.5485
12905302800.2543
12985634533.2599
13066341963.0648
13147426266.034
13228888620.398
13310730206.2529
13392952205.5607
13475555802.1487
13558542181.7104
13641912531.8049
13725668041.8574
13809809903.1589
13894339308.8666
13979257454.0037
14064565535.4597
14150264751.9903
14236356304.2174
14322841394.6293
14409721227.5808
14496997009.2931
14584669947.8541
14672741253.218
14761212137.206
14850083813.506
14939357497.6724
15029034407.1268
15119115761.1574
15209602780.9199
15300496689.4364
15391798711.5964
15483510074.1568
15575632005.7412
15668165736.841
15761112499.8146
15854473528.888
15948250060.1544
16042443331.575
16137054582.9781
16232085056.0598
16327535994.3841
16423408643.3825
16519704250.3544
16616424064.4672
16713569336.7562
16811141320.1245
16909141269.3434
17007570441.0525
17106430093.7592
17205721487.8396
17305445885.5376
17405604550.9657
17506198750.1049
17607229750.8046
17708698822.7825
17810607237.6252
17912956268.7878
18015747191.5941
18118981283.2366
18222659822.7767
18326784091.1447
18431355371.1397
18536374947.4299
18641844106.5525
18747764136.9137
18854136328.789
18960961974.3232
19068242367.53
19175978804.2927
19284172582.364
19392825001.3658
19501937362.7899
19611510969.9971
19721547128.2183
19832047144.5539
19943012327.9737
20054443989.3177
20166343441.2956
20278711998.4868
20391550977.3409
20504861696.1772
20618645475.1852
20732903636.4247
20847637503.8252
20962848403.1868
21078537662.1796
21194706610.3442
21311356579.0915
21428488901.7027
21546104913.3297
21664205950.9948
21782793353.5908
21901868461.8813
22021432618.5005
22141487167.9535
22262033456.6158
22383072832.7343
22504606646.4263
22626636249.6805
22749162996.356
22872188242.1838
22995713344.7652
23119739663.5732
23244268559.9517
23369301397.1162
23494839540.1532
23620884356.0206
23747437213.5481
23874499483.4363
24002072538.2578
24130157752.4567
24258756502.3486
24387870166.1207
24517500123.8321
24647647757.4138
24778314450.6684
24909501589.2705
25041210560.7666
25173442754.5752
25306199561.9869
25439482376.1644
25573292592.1423
25707631606.8278
25842500819
25977901629.3104
26113835440.2828
26250303656.3138
26387307683.6717
26524848930.4979
26662928806.806
26801548724.4824
26940710097.2863
27080414340.8489
27220662872.675
27361457112.1414
27502798480.4986
27644688400.8692
27787128298.2491
27930119599.5072
28073663733.3854
28217762130.4985
28362416223.3348
28507627446.2557
28653397235.4952
28799727029.1615
28946618267.2357
29094072391.572
29242090845.8986
29390675075.8167
29539826528.8013
29689546654.2008
29839836903.2374
29990698729.0067
30142133586.4781
30294142932.4949
30446728225.774
30599890926.9066
30753632498.3571
30907954404.4642
31062858111.4407
31218345087.3733
31374416802.223
31531074727.8245
31688320337.887
31846155107.9939
32004580515.6028
32163598040.0457
32323209162.5289
32483415366.1331
32644218135.8134
32805618958.3995
32967619322.5959
33130220718.9811
33293424640.0087
33457232580.0068
33621646035.1786
33786666503.6014
33952295485.2278
34118534481.8853
34285384997.2761
34452848536.9772
34620926608.4413
34789620720.9954
34958932385.842
35128863116.0586
35299414426.5978
35470587834.2877
35642384857.8315
35814807017.8077
35987855836.6702
36161532838.7484
36335839550.2469
36510777499.2463
36686348215.702
36862553231.4456
37039394080.1841
37216872297.5001
37394989420.8522
37573746989.5742
37753146544.8766
37933189629.8448
38113877789.4407
38295212570.5019
38477195521.7419
38659828193.7507
38843112138.9938
39027048911.8129
39211640068.4261
39396887166.9276
39582791767.2879
39769355431.3535
39956579722.8475
40144466207.3691
40333016452.3946
40522232027.2756
40712114503.2414
40902665453.3969
41093886452.724
41285779078.0814
41478344908.2039
41671585523.7037
41865502507.0691
42060097442.6656
42255371916.7355
42451327517.3977
42647965834.6485
42845288460.3604
43043296988.2838
43241993014.0455
43441378135.1497
43641453950.9774
43842222062.7873
44043684073.7147
44245841588.7723
44448696214.8507
44652249560.717
44856503237.0159
45061458856.27
45267118032.879
45473482383.1196
45680553525.1469
45888333078.993
46096822666.5679
46306023911.6592
46515938439.9323
46726567878.9298
46937913858.0727
47149978008.6597
47362761963.867
47576267358.7491
47790495830.2382
48005449017.1447
48221128560.1568
48437536101.8408
48654673286.6414
48872541760.8808
49091143172.76
49310479172.3579
49530551411.6317
49751361544.4171
49972911226.4279
50195202115.2561
50418235870.3726
50642014153.1264
50866538626.7453
51091810956.3352
51317832808.8809
51544605853.246
51772131760.1718
52000412202.2797
52229448854.0684
52459243391.9166
52689797494.0811
52921112840.6973
53153191113.7805
53386033997.224
53619643176.8
53854020340.161
54089167176.8367
54325085378.2371
54561776637.651
54799242650.2462
55037485113.0698
55276505725.0483
55516306186.9872
55756888201.5717
55998253473.3654
56240403708.8126
56483340616.2358
56727065905.8378
56971581289.7004
57216888481.7854
57462989197.9335
57709885155.8656
57957578075.1819
58206069677.3625
58455361685.7671
58705455825.635
58956353824.0857
59208057410.1179
59460568314.6112
59713888270.3235
59968019011.8944
60222962275.8422
60478719800.5657
60735293326.3438
60992684595.3353
61250895351.5793
61509927340.9951
61769782311.3816
62030462012.4187
62291968195.6663
62554302614.5643
62817467024.4336
63081463182.4746
63346292847.7688
63611957781.278
63878459745.8442
64145800506.1902
64413981828.9194
64683005482.5155
64952873237.343
65223586865.6473
65495148141.554
65767558841.0698
66040820742.082
66314935624.3588
66589905269.5492
66865731461.183
67142415984.6713
67419960627.3053
67698367178.2581
67977637428.5833
68257773171.2157
68538776200.9713
68820648314.5469
69103391310.5208
69387006989.3523
69671497153.3818
69956863606.8313
70243108155.804
70530232608.2843
70818238774.1378
71107128465.1121
