0
0
5
32
112
291.047619047619
630.909090909091
1209.54778554779
2121.48811188811
3478.10448375154
5407.8580614432
8056.49535603715
11587.2179681941
16180.8298505855
22035.8666606841
29368.710567317
38413.6930507016
49423.1876546987
62667.6942296007
78435.9158927811
97034.8297000194
118789.751840485
144044.398028366
173160.939653714
206520.056166891
244520.984099875
287581.563069674
336138.279061433
390646.305249255
451579.540579759
519430.646315602
594711.08071267
677951.131984609
769699.949691237
870525.574672563
981014.967637412
1101774.03650452
1233427.66258427
1376619.72568082
1532013.12818678
1700289.81823613
1882150.81197516
2078316.21500608
2289525.24305324
2516536.2418979
2760126.7066236
3021093.30021117
3300251.87151894
3598437.47268155
3916504.37595789
4255326.09005669
4615795.3759662
4998824.26231255
5405344.06026982
5836305.37804304
6292678.13494432
6775451.57508063
7285634.28067098
7824254.18500919
8392358.58508785
8991014.153898
9621306.95241802
10284342.4413048
10981245.492299
11713160.3993567
12481250.8895167
13286700.133515
14130710.7561567
15014504.8464516
15939323.9675261
16906429.1663167
17917100.9830537
18972639.460544
20074364.1532572
21223614.1362249
22421748.013757
23670143.9279831
24970199.5672233
26323332.174195
27730978.5540603
29194595.0823197
30715657.7125568
32295661.9840377
33936123.0291714
35638575.5808333
37404573.9795581
39235692.1806038
41133523.7608922
43099681.9258287
45135799.5160051
47243529.0137888
49424542.5498007
51680531.9092869
54013208.5383846
56424303.5502866
58915567.7313073
61488771.5468519
64145705.1472913
66888178.3737467
69718020.7637836
72637081.5570207
75647229.7006526
78750353.854891
81948362.3983249
85243183.4332025
88636764.7906363
92131074.0357335
95728098.4726536
99429845.1495941
103238340.863707
107155632.165948
111183785.365856
115324886.536274
119581041.517999
123954375.924373
128447035.145818
133061184.354303
137799008.507757
142662712.354427
147654520.43718
152776677.097744
158031446.480905
163421112.538645
168947979.034233
174614369.546263
180422627.472645
186375116.034545
192474218.280282
198722337.089176
205121895.175348
211675335.091486
218385119.232552
225253729.839461
232283669.002706
239477458.665952
246837640.629584
254366776.554214
262067447.964154
269942256.250848
277993822.676266
286224788.376263
294637814.363899
303235581.532731
312020790.660057
320996162.410138
330164437.337382
339528375.889493
349090758.410589
358854385.144288
368822076.236766
378996671.739777
389381031.613647
399978035.73024
410790583.87589
421821595.754308
433074010.989458
444550789.128407
456254909.644145
468189371.938381
480357195.34431
492761419.129355
505405102.497884
518291324.593898
531423184.503697
544803801.258523
558436313.837175
572323881.168601
586469682.134468
600876915.571709
615548800.275045
630488574.999485
645699498.462806
661184849.34801
676947926.305758
692992047.956786
709320552.894293
725936799.686323
742844166.878107
760046052.994404
777545876.541806
795347076.011039
813453109.879228
831867456.612162
850593614.666522
869635102.492103
888995458.534014
908678241.234858
928687029.0369
949025420.384209
969697033.72479
990705507.5127
1012054500.21014
1033747690.28953
1055788776.23559
1078181476.54735
1100929529.74025
1124036694.34807
1147506748.92499
1171343492.04755
1195550742.31664
1220132338.35942
1245092138.8313
1270434022.41784
1296161887.83668
1322279653.8394
1348791259.21344
1375700662.78398
1403011843.41574
1430728800.01488
1458855551.53079
1487396136.95793
1516354615.33762
1545735065.75983
1575541587.36496
1605778299.34561
1636449340.94833
1667558871.47534
1699111070.2863
1731110136.79997
1763560290.49596
1796465770.91643
1829830837.66769
1863659770.42199
1897956868.91907
1932726452.96788
1967972862.44815
2003700457.3121
2039913617.58597
2076616743.37167
2113814254.84837
2151510592.27406
2189710215.98714
2228417606.40799
2267637264.04049
2307373709.47359
2347631483.38285
2388415146.5319
2429729279.77405
2471578484.05369
2513967380.40786
2556900609.9677
2600382833.95993
2644418733.70832
2689013010.63512
2734170386.26255
2779895602.21422
2826193420.21652
2873068622.10012
2920526009.80131
2968570405.36344
3017206650.9383
3066439608.78753
3116274161.28396
3166715210.91301
3217767680.27404
3269436512.08171
3321726669.16732
3374643134.48014
3428190911.08877
3482375022.18242
3537200511.07227
3592672441.19274
3648795896.10279
3705575979.48725
3763017815.15807
3821126547.05561
3879907339.24989
3939365375.94189
3999505861.46478
4060334020.28518
4121855097.00437
4184074356.3596
4246997083.22521
4310628582.61396
4374974179.67817
4440039219.71096
4505829068.14743
4572349110.56589
4639604752.68902
4707601420.38504
4776344559.66894
4845839636.70357
4916092137.80088
4987107569.42302
5058891458.18353
5131449350.84846
5204786814.33751
5278909435.72518
5353822822.24186
5429532601.27501
5506044420.37021
5583363947.23232
5661496869.72654
5740448895.87955
5820225753.88057
5900833192.08246
5982276979.0028
6064562903.32496
6147696773.89918
6231684419.74362
6316531690.04543
6402244454.1618
6488828601.62102
6576290042.1235
6664634705.54283
6753868541.9268
6843997521.49842
6935027634.65697
7026964891.97902
7119815324.21938
7213584982.31219
7308279937.37187
7403906280.69416
7500470123.75704
7597977598.22182
7696434855.93404
7795848068.92449
7896223429.41016
7997567149.79526
8099885462.67211
8203184620.82217
8307470897.21695
8412750585.01899
8519029997.5828
8626315468.45578
8734613351.37919
8843930020.28909
8954271869.31722
9065645312.79198
9178056785.23933
9291512741.3837
9406019656.14891
9521584024.65907
9638212362.23952
9755911204.41768
9874687106.92398
9994546645.69275
10115496416.8631
10237543036.7798
10360693141.9942
10484953389.2649
10610330455.5592
10736831038.0531
10864461854.1329
10993229641.3958
11123141157.6507
11254203180.9189
11386422509.4356
11519805961.6499
11654360376.2263
11790092612.0451
11927009548.2035
12065118084.0165
12204425139.0173
12344937652.9585
12486662585.8131
12629606917.7746
12773777649.2586
12919181800.9031
13065826413.5695
13213718548.3436
13362865286.5358
13513273729.6826
13664950999.5469
13817904238.1191
13972140607.6177
14127667290.49
14284491489.4134
14442620427.2953
14602061347.2748
14762821512.7228
14924908207.2432
15088328734.6733
15253090419.0848
15419200604.7846
15586666656.3154
15755495958.4564
15925695916.2244
16097273954.8742
16270237519.8993
16444594077.033
16620351112.249
16797516131.7617
16976096662.0278
17156100249.7461
17337534461.859
17520406885.5527
17704725128.258
17890496817.6515
18077729601.6556
18266431148.4396
18456609146.4205
18648271304.2635
18841425350.8828
19036079035.4423
19232240127.3562
19429916416.2897
19629115712.1601
19829845845.1368
20032114665.6425
20235930044.3538
20441299872.2018
20648232060.3726
20856734540.3085
21066815263.7081
21278482202.5273
21491743348.98
21706606715.5386
21923080334.9346
22141172260.1597
22360890564.466
22582243341.3666
22805238704.6369
23029884788.3145
23256189746.7003
23484161754.3591
23713809006.1201
23945139717.0775
24178162122.5916
24412884478.2887
24649315060.0625
24887462164.0742
25127334106.7532
25368939224.7981
25612285875.1768
25857382435.1278
26104237302.1599
26352858894.0537
26603255648.8618
26855436024.9094
27109408500.795
27365181575.3912
27622763767.8448
27882163617.578
28143389684.2887
28406450547.9509
28671354808.8158
28938111087.4122
29206728024.5467
29477214281.3049
29749578539.0518
30023829499.4322
30299975884.3713
30578026436.0756
30857989917.0332
31139875110.0146
31423690818.073
31709445864.545
31997149093.0515
32286809367.4977
32578435572.074
32872036611.2569
33167621409.8087
33465198912.7789
33764778085.5043
34066367913.61
34369977403.0092
34675615579.9047
34983291490.7887
35293014202.4437
35604792801.9432
35918636396.652
36234554114.2265
36552555102.6161
36872648530.0628
37194843585.1023
37519149476.5645
37845575433.5739
38174130705.5501
38504824562.2085
38837666293.5609
39172665209.9157
39509830641.8788
39849171940.3539
40190698476.5431
40534419641.9476
40880344848.3678
41228483527.9044
41578845132.9583
41931439136.2317
42286275030.7283
42643362329.7537
43002710566.9164
43364329296.1279
43728228091.6032
44094416547.8616
44462904279.727
44833700922.3285
45206816131.101
45582259581.7852
45960040970.4289
46340170013.387
46722656447.3218
47107510029.2043
47494740536.3138
47884357766.2389
48276371536.878
48670791686.4396
49067628073.4429
49466890576.7181
49868589095.4075
50272733548.965
50679333877.1576
51088400040.0651
51499942018.0812
51913969811.9135
52330493442.5842
52749522951.4305
53171068400.1052
53595139870.5773
54021747465.1319
54450901306.3714
54882611537.2155
55316888320.9017
55753741840.986
56193182301.3433
56635219926.1677
57079864959.9731
57527127667.5937
57977018334.1844
58429547265.2213
58884724786.5019
59342561244.1461
59803067004.5962
60266252454.6175
60732128001.2989
61200704072.0529
61671991114.6168
62145999597.0523
62622740007.7467
63102222855.4129
63584458669.0899
64069457998.1433
64557231412.266
65047789501.4782
65541142876.1281
66037302166.8922
66536278024.776
67038081121.1142
67542722147.5711
68050211816.1413
68560560859.1499
69073780029.253
69589880099.4382
70108871863.025
70630766133.6651
71155573745.3431
71683305552.3766
72213972429.4169
72747585271.4493
73284154993.7935
73823692532.1041
74366208842.3711
74911714900.92
75460221704.4126
76011740269.8472
76566281634.5591
77123856856.2209
77684477012.8431
78248153202.7745
78814896544.7022
79384718177.6526
79957629260.9917
80533640974.425
81112764517.9986
81695011112.099
82280391997.4539
82868918435.1327
83460601706.5464
84055453113.4485
84653483977.9351
85254705642.4454
85859129469.7622
86466766843.0121
87077629165.6662
87691727861.54
88309074374.7944
88929680169.9357
89553556731.8159
90180715565.6335
90811168196.9337
91444926171.6086
92082001055.8978
92722404436.3888
93366147920.0174
94013243134.0679
94663701726.1736
95317535364.3173
95974755736.8315
96635374552.3988
97299403540.0525
97966854449.1768
98637739049.5069
99312069131.1302
99989856504.4858
100671113000.365
101355850469.913
102044080784.627
102735815836.358
103431067537.311
104129847820.046
104832168637.477
105538041962.873
106247479789.859
106960494132.415
107677097024.878
108397300521.94
109121116698.653
109848557650.422
110579635493.013
111314362362.549
112052750415.512
112794811828.74
113540558799.433
114290003545.149
115043158303.807
115800035333.685
116560646913.422
117325005342.018
118093122938.833
118865012043.591
119640685016.375
120420154237.633
121203432108.174
121990531049.169
122781463502.156
123576241929.034
124374878812.065
125177386653.877
125983777977.464
126794065326.183
127608261263.757
128426378374.274
129248429262.191
130074426552.327
130904382889.871
131738310940.379
132576223389.774
133418132944.345
134264052330.753
135113994296.023
135967971607.552
136825997053.106
137688083440.819
138554243599.196
139424490377.111
140298836643.81
141177295288.91
142059879222.396
142946601374.629
143837474696.339
144732512158.628
145631726752.972
146535131491.219
147442739405.591
148354563548.682
149270616993.46
150190912833.269
151115464181.825
152044284173.22
152977385961.922
153914782722.772
154856487650.99
155802513962.168
156752874892.278
157707583697.668
158666653655.06
159630098061.558
160597930234.64
161570163512.163
162546811252.364
163527886833.856
164513403655.633
165503375137.066
166497814717.908
167496735858.29
168500152038.725
169508076760.104
170520523543.7
171537505931.169
172559037484.545
173585131786.246
174615802439.071
175651063066.202
176690927311.204
177735408838.023
178784521330.991
179838278494.82
180896694054.61
181959781755.842
183027555364.382
184100028666.482
185177215468.779
186259129598.294
187345784902.434
188437195248.992
189533374526.149
190634336642.47
191740095526.909
192850665128.804
193966059417.885
195086292384.266
196211378038.45
197341330411.33
198476163554.185
199615891538.684
200760528456.886
201910088421.239
203064585564.58
204224034040.138
205388448021.529
206557841702.764
207732229298.24
208911625042.75
210096043191.476
211285498019.992
212480003824.264
213679574920.65
214884225645.903
216093970357.166
217308823431.977
218528799268.266
219753912284.36
220984176918.975
222219607631.226
223460218900.62
224706025227.06
225957041130.843
227213281152.664
228474759853.611
229741491815.17
231013491639.221
232290773948.043
233573353384.311
234861244611.096
236154462311.868
237453021190.494
238756935971.239
240066221398.766
241380892238.138
242700963274.813
244026449314.653
245357365183.915
246693725729.258
248035545817.741
249382840336.821
250735624194.358
252093912318.61
253457719658.239
254827061182.306
256201951880.273
257582406762.006
258968440857.771
260360069218.236
261757306914.474
263160169037.959
264568670700.568
265982827034.581
267402653192.683
268828164347.961
270259375693.908
271696302444.42
273138959833.798
274587363116.748
276041527568.381
277501468484.213
278967201180.167
280438740992.57
281916103278.156
283399303414.067
284888356797.848
286383278847.456
287884085001.249
289390790717.999
290903411476.88
292421962777.477
293946460139.784
295476919104.2
297013355231.536
298555784103.011
300104221320.252
301658682505.297
303219183300.592
304785739368.996
306358366393.775
307937080078.606
309521896147.579
311112830345.193
312709898436.358
314313116206.396
315922499461.041
317538064026.439
319159825749.148
320787800496.137
322422004154.79
324062452632.902
325709161858.683
327362147780.756
329021426368.155
330687013610.331
332358925517.149
334037178118.886
335721787466.236
337412769630.306
339110140702.621
340813916795.117
342524114040.15
344240748590.488
345963836619.318
347693394320.241
349429437907.277
351171983614.861
352921047697.845
354676646431.498
356438796111.508
358207513053.98
359982813595.436
361764714092.818
363553230923.484
365348380485.212
367150179196.2
368958643495.063
370773789840.837
372595634712.976
374424194611.355
376259486056.269
378101525588.433
379950329768.982
381805915179.472
383668298421.88
385537496118.606
387413524912.468
389296401466.707
391186142464.988
393082764611.395
394986284630.435
396896719267.04
398814085286.563
400738399474.778
402669678637.885
404607939602.507
406553199215.69
408505474344.904
410464781878.044
412431138723.428
414404561809.8
416385068086.326
418372674522.601
420367398108.643
422369255854.895
424378264792.226
426394441971.933
428417804465.735
430448369365.781
432486153784.646
434531174855.33
436583449731.26
438642995586.293
440709829614.711
442783969031.224
444865431070.97
446954232989.516
449050392062.856
451153925587.412
453264850880.038
455383185278.013
457508946139.047
459642150841.279
461782816783.278
463930961384.043
466086602083.002
468249756340.014
470420441635.368
472598675469.784
474784475364.412
476977858860.835
479178843521.066
481387446927.548
483603686683.159
485827580411.206
488059145755.429
490298400380.002
492545361969.529
494800048229.048
497062476884.03
499332665680.379
501610632384.433
503896394782.961
506189970683.17
508491377912.697
510800634319.615
513117757772.432
515442766160.09
517775677391.965
520116509397.869
522465280128.049
524822007553.187
527186709664.401
529559404473.246
531940110011.71
534328844332.22
536725625507.639
539130471631.265
541543400816.835
543964431198.521
546393580930.934
548830868189.122
551276311168.569
553729928085.2
556191737175.375
558661756695.894
561140004923.994
563626500157.353
566121260714.086
568624304932.746
571135651172.329
573655317812.266
576183323252.431
578719685913.136
581264424235.134
583817556679.617
586379101728.219
588949077883.013
591527503666.515
594114397621.679
596709778311.902
599313664321.024
601926074253.323
604547026733.52
607176540406.78
609814633938.708
612461326015.353
615116635343.204
617780580649.195
620453180680.702
623134454205.544
625824420011.985
628523096908.729
631230503724.928
633946659310.175
636671582534.507
639405292288.407
642147807482.801
644899147049.06
647659329939
650428375124.882
653206301599.412
655993128375.743
658788874487.47
661593558988.637
664407200953.732
667229819477.692
670061433675.896
672902062684.173
675751725658.797
678610441776.49
681478230234.42
684355110250.203
687241101061.902
690136221928.028
693040492127.539
695953930959.841
698876557744.791
701808391822.689
704749452554.289
707699759320.791
710659331523.843
713628188585.544
716606349948.442
719593835075.534
722590663450.266
725596854576.534
728612427978.685
731637403201.516
734671799810.274
737715637390.656
740768935548.81
743831713911.335
746903992125.281
749985789858.151
753077126797.896
756178022652.92
759288497152.081
762408570044.686
765538261100.495
768677590109.721
771826576883.029
774985241251.537
778153603066.814
781331682200.885
784519498546.227
787717072015.769
790924422542.895
794141570081.442
797368534605.702
800605336110.419
803851994610.794
807108530142.48
810374962761.586
813651312544.675
