0
0
0
0.160000000000011
0.775510204081655
2.2358276643991
4.99908172635446
9.5765182758189
16.5219345689275
26.4241938041152
39.9016992274269
57.5981795645316
80.1793886313362
108.330464000751
142.7537742583
184.167137112212
233.302324723451
290.903795389782
357.727606347624
434.540473446956
522.118951350218
621.248713686331
732.723916893236
857.346634734335
995.926352965544
1149.27951556144
1318.22911542506
1503.60432370714
1706.24015282121
1926.97714901702
2166.6611110059
2426.14283164832
2706.27786014185
3007.92628250152
3331.95251842184
3679.22513285841
4050.6166608783
4447.00344450655
4869.26548044919
5318.28627770452
5794.95272418612
6300.15496157843
6834.78626773186
7399.74294597481
7995.92422078777
8624.23213933795
9285.57147842401
9980.84965642384
10710.9766498773
11476.8649143666
12279.4293093961
13119.5870269869
13998.257523741
14916.3624561388
15874.8256188605
16874.5728859365
17916.5321545491
19001.6332913205
20130.8080809364
21304.9901769646
22525.1150547408
23792.1199662008
25106.9438965486
26470.5275226585
27883.813173114
29347.7447897964
30863.2678909384
32431.3295355682
34052.8782892696
35728.8641911907
37460.2387222416
39247.9547744178
41092.9666211985
42996.2298889612
44958.7015293757
46981.3397927156
49065.1042020635
51210.9555283496
53419.8557662016
55692.7681105626
58030.656934042
60434.4877649741
62905.2272661426
65443.8432141589
68051.3044794514
70728.5810068483
73476.643796728
76296.4648867163
79189.0173339043
82155.2751975695
85196.2135223781
88312.8083220543
91506.0365634942
94776.876151307
98126.3059127741
101555.305583201
105064.855791657
108655.938047082
112329.534724747
116086.629053069
119928.205100742
123855.247764197
127868.742755372
131969.676589776
136159.036574845
140437.81079857
144806.988118403
149267.55815042
153820.511258734
158466.838545152
163207.531839073
168043.583687608
172975.987345926
178005.736767814
183133.826596447
188361.252155346
193689.009439554
199118.095106984
204649.506469964
210284.241486936
216023.298754363
221867.677498787
227818.377569037
233876.399428615
240042.744148239
246318.413398515
252704.409442774
259201.735130037
265811.393888138
272534.389716949
279371.72718177
286324.411406823
293393.448068872
300579.843390981
307884.604136357
315308.737602348
322853.25161451
330519.154520816
338307.45518595
346219.162985711
354255.287801526
362416.840015035
370704.830502807
379120.27063112
387664.172250835
396337.547692388
405141.409760825
414076.771730943
423144.647342533
432346.050795665
441681.996746069
451153.500300601
460761.577012783
470507.242878392
480391.514331151
490415.408238472
500579.941897273
510886.133029863
521334.999779895
531927.560708366
542664.834789705
553547.841407901
564577.600352699
575755.131815866
587081.456387483
598557.595052337
610184.569186319
621963.400552915
633895.111299735
645980.723955097
658221.261424631
670617.746988
683171.204295604
695882.657365354
708753.130579513
721783.648681538
734975.236773018
748328.92031062
761845.725103082
775526.677308269
789372.803430237
803385.130316369
817564.68515455
831912.495470319
846429.589124192
861116.994308837
875975.73954647
891006.853686184
906211.365901306
921590.305686831
937144.702856909
952875.587542277
968783.99018782
984870.941550102
1001137.47269496
1017584.61499513
1034213.40012784
1051024.86007257
1068020.02710867
1085199.93381317
1102565.61305848
1120118.09801022
1137858.42212501
1155787.61914835
1173906.72311244
1192216.76833414
1210718.78941282
1229413.82122837
1248302.89893915
1267387.05797997
1286667.33406013
1306144.76316147
1325820.38153641
1345695.22570606
1365770.33245835
1386046.73884611
1406525.48218527
1427207.60005305
1448094.1302861
1469186.11097877
1490484.58048132
1511990.57739822
1533705.14058634
1555629.3091534
1577764.1224561
1600110.62009862
1622669.84193085
1645442.82804687
1668430.61878324
1691634.25471749
1715054.7766665
1738693.22568495
1762550.64306377
1786628.07032866
1810926.5492385
1835447.12178399
1860190.830186
1885158.71689426
1910351.82458583
1935771.19616371
1961417.87475542
1987292.90371156
2013397.32660448
2039732.18722689
2066298.52959047
2093097.39792457
2120129.83667488
2147396.89050206
2174899.60428049
2202639.02309698
2230616.19224946
2258832.15724573
2287287.96380223
2315984.65784276
2344923.28549728
2374104.89310069
2403530.52719164
2433201.23451129
2463118.06200221
2493282.05680713
2523694.26626783
2554355.73792402
2585267.51951209
2616430.65896414
2647846.20440675
2679515.2041599
2711438.70673595
2743617.76083846
2776053.41536115
2808746.71938691
2841698.7221866
2874910.47321814
2908383.02212544
2942117.41873732
2976114.71306658
3010375.95530893
3044902.19584204
3079694.48522451
3114753.87419493
3150081.41367087
3185678.15474799
3221545.148699
3257683.44697277
3294094.10119339
3330778.16315924
3367736.68484205
3404970.71838601
3442481.31610684
3480269.53049101
3518336.41419466
3556683.02004282
3595310.40102865
3634219.6103123
3673411.70122038
3712887.72724482
3752648.74204227
3792695.79943307
3833029.95340046
3873652.25808991
3914563.76780814
3955765.53702234
3997258.62035945
4039044.0726053
4081122.94870375
4123496.30375612
4166165.19302019
4209130.67190962
4252393.79599294
4295955.62099312
4339817.20278655
4383979.59740241
4428443.86102194
4473211.04997769
4518282.22075276
4563658.42998007
4609340.73444182
4655330.19106847
4701627.85693838
4748234.78927675
4795152.04545532
4842380.68299137
4889921.75954716
4937776.33292924
4985945.46108787
5034430.20211615
5083231.61424954
5132350.75586511
5181788.685481
5231546.46175557
5281625.14348699
5332025.78961246
5382749.45920756
5433797.21148582
5485170.10579781
5536869.20163077
5588895.55860783
5641250.23648758
5693934.2951632
5746948.79466216
5800294.79514544
5853973.35690691
5907985.54037295
5962332.40610166
6017015.01478234
6072034.42723498
6127391.70440966
6183087.90738593
6239124.09737235
6295501.33570579
6352220.68385108
6409283.20340019
6466689.95607199
6524442.00371152
6582540.40828945
6640986.23190159
6699780.53676838
6758924.38523439
6818418.83976769
6878264.96295941
6938463.81752318
6999016.46629468
7059923.97223118
7121187.39841077
7182807.80803216
7244786.2644141
7307123.83099476
7369821.57133144
7432880.54909983
7496301.82809383
7560086.47222483
7624235.54552132
7688750.11212838
7753631.23630729
7818879.98243502
7884497.41500372
7950484.5986203
8016842.59800598
8083572.47799581
8150675.3035382
8218152.13969466
8286004.05163896
8354232.10465699
8422837.36414647
8491820.89561594
8561183.76468486
8630927.03708309
8701051.77865019
8771559.05533528
8842449.9331964
8913725.47840029
8985386.75722185
9057434.83604375
9129870.78135604
9202695.65975565
9275910.53794611
9349516.48273709
9423514.56104392
9497905.83988744
9572691.3863931
9647872.26779121
9723449.5514161
9799424.30470589
9875797.595202
9952570.49054882
10029744.0584935
10107319.3668853
10185297.4836753
10263679.4769161
10342466.4147614
10421659.3654656
10501259.3973833
10581267.5789694
10661684.9787783
10742512.6654635
10823751.7077775
10905403.1745716
10987468.1347947
11069947.6574942
11152842.8118144
11236154.6669973
11319884.292381
11404032.7574008
11488601.1315875
11573590.4845679
11659001.8860642
11744836.4058938
11831095.1139685
11917779.0802948
12004889.3749732
12092427.0681981
12180393.2302569
12268788.9315305
12357615.2424925
12446873.2337088
12536563.9758376
12626688.5396289
12717247.995924
12808243.4156555
12899675.869847
12991546.4296125
13083856.1661563
13176606.1507727
13269797.4548455
13363431.1498479
13457508.3073423
13552029.9989795
13646997.2964989
13742411.2717282
13838272.9965827
13934583.5430654
14031343.9832664
14128555.3893628
14226218.8336185
14324335.3883836
14422906.1260945
14521932.1192734
14621414.4405279
14721354.1625508
14821752.3581202
14922610.1000985
15023928.4614329
15125708.5151542
15227951.3343778
15330657.992302
15433829.5622091
15537467.1174639
15641571.731514
15746144.4778901
15851186.4302046
15956698.662152
16062682.2475088
16169138.2601327
16276067.7739626
16383471.8630187
16491351.6014015
16599708.0632921
16708542.3229519
16817855.4547221
16927648.5330236
17037922.6323569
17148678.8273013
17259918.1925156
17371641.8027367
17483850.7327807
17596546.057541
17709728.8519896
17823400.1911762
17937561.1502278
18052212.8043484
18167356.2288196
18282992.4989995
18399122.6903225
18515747.8782997
18632869.1385181
18750487.5466406
18868604.1784054
18987220.1096266
19106336.4161929
19225954.1740686
19346074.4592922
19466698.3479766
19587826.9163095
19709461.2405519
19831602.3970395
19954251.4621807
20077409.5124579
20201077.6244262
20325256.8747143
20449948.340023
20575153.0971258
20700872.2228683
20827106.7941688
20953857.8880168
21081126.5814738
21208913.9516728
21337221.0758178
21466049.031184
21595398.8951173
21725271.7450345
21855668.6584228
21986590.712839
22118038.9859108
22250014.5553351
22382518.4988786
22515551.8943775
22649115.8197371
22783211.352932
22917839.572005
23053001.5550682
23188698.3803017
23324931.1259541
23461700.8703417
23599008.6918491
23736855.6689284
23875242.8800987
24014171.4039474
24153642.3191279
24293656.7043612
24434215.6384347
24575320.2002027
24716971.4685853
24859170.5225693
25001918.4412071
25145216.3036169
25289065.188983
25433466.1765546
25578420.3456464
25723928.7756381
25869992.5459743
26016612.7361643
26163790.4257821
26311526.694466
26459822.6219183
26608679.2879057
26758097.7722582
26908079.15487
27058624.5156986
27209734.9347649
27361411.4921525
27513655.2680089
27666467.3425436
27819848.7960292
27973800.7088004
28128324.1612547
28283420.2338514
28439090.007112
28595334.5616193
28752154.9780189
28909552.3370166
29067527.7193803
29226082.2059389
29385216.8775823
29544932.8152611
29705231.099987
29866112.8128318
30027579.0349281
30189630.847468
30352269.3317046
30515495.5689503
30679310.6405773
30843715.6280177
31008711.6127625
31174299.6763624
31340480.9004273
31507256.3666259
31674627.1566857
31842594.3523932
32011159.0355929
32180322.2881881
32350085.1921402
32520448.8294684
32691414.2822506
32862982.6326218
33035154.9627745
33207932.3549598
33381315.8914849
33555306.6547148
33729905.7270715
33905114.191034
34080933.1291379
34257363.6239755
34434406.7581958
34612063.6145036
34790335.275661
34969222.8244846
35148727.3438485
35328849.9166812
35509591.6259682
35690953.5547497
35872936.7861215
36055542.4032344
36238771.4892948
36422625.1275636
36607104.4013568
36792210.3940452
36977944.1890538
37164306.8698623
37351299.5200051
37538923.2230699
37727179.062699
37916068.1225888
38105591.4864888
38295750.2382029
38486545.461588
38677978.2405547
38870049.6590669
39062760.8011411
39256112.7508478
39450106.5923092
39644743.4097012
39840024.2872521
40035950.3092424
40232522.5600051
40429742.1239258
40627610.0854421
40826127.5290432
41025295.5392708
41225115.2007178
41425587.598029
41626713.8159012
41828494.9390819
42030932.0523701
42234026.2406158
42437778.5887208
42642190.1816366
42847262.1043667
43052995.4419646
43259391.2795347
43466450.7022316
43674174.7952603
43882564.6438761
44091621.3333843
44301345.9491403
44511739.5765495
44722803.3010666
44934538.2081968
45146945.3834938
45360025.9125612
45573780.8810521
45788211.3746686
46003318.4791619
46219103.2803322
46435566.8640282
46652710.3161482
46870534.7226382
47089041.1694933
47308230.7427572
47528104.5285209
47748663.6129249
47969909.0821571
48191842.0224531
48414463.5200971
48637774.6614206
48861776.5328031
49086470.2206711
49311856.8114989
49537937.3918086
49764713.0481689
49992184.8671957
50220353.9355524
50449221.3399485
50678788.1671416
50909055.5039345
51140024.4371779
51371696.0537683
51604071.4406489
51837151.6848092
52070937.8732848
52305431.0931573
52540632.4315549
52776542.975651
53013163.8126655
53250496.029863
53488540.7145551
53727298.9540975
53966771.8358926
54206960.447387
54447865.8760731
54689489.209489
54931831.5352165
55174893.940883
55418677.5141613
55663183.3427684
55908412.5144656
56154366.1170591
56401045.2383995
56648450.9663823
56896584.3889461
57145446.5940751
57395038.6697962
57645361.7041819
57896416.7853465
58148205.0014496
58400727.4406943
58653985.1913271
58907979.3416376
59162710.9799604
59418181.1946712
59674391.0741906
59931341.7069824
60189034.1815515
60447469.5864489
60706649.0102656
60966573.5416372
61227244.2692411
61488662.2817981
61750828.6680703
62013744.5168643
62277410.9170263
62541828.9574475
62806999.7270596
63072924.314837
63339603.8097956
63607039.3009946
63875231.877533
64144182.6285534
64413892.6432385
64684363.0108137
64955594.8205464
65227589.1617436
65500347.123755
65773869.7959712
66048158.2678244
66323213.6287866
66599036.9683726
66875629.3761363
67152991.9416738
67431125.7546213
67710031.9046559
67989711.4814959
68270165.5748985
68551395.2746625
68833401.6706269
69116185.8526711
69399748.9107151
69684091.9347169
69969216.0146766
70255122.2406342
70541811.7026691
70829285.4908993
71117544.6954851
71406590.4066246
71696423.714555
71987045.7095547
72278457.4819405
72570660.1220679
72863654.7203333
73157442.3671718
73452024.1530554
73747401.1684983
74043574.5040524
74340545.2503073
74638314.4978931
74936883.3374774
75236252.8597672
75536424.155508
75837398.3154831
76139176.4305153
76441759.5914652
76745148.8892307
77049345.4147494
77354350.258997
77660164.5129855
77966789.2677672
78274225.6144304
78582474.6441023
78891537.447947
79201415.1171682
79512108.7430043
79823619.4167342
80135948.2296712
80449096.2731693
80763064.6386173
81077854.4174421
81393466.7011082
81709902.5811172
82027163.1490064
82345249.4963517
82664162.7147653
82983903.8958957
83304474.1314297
83625874.5130889
83948106.1326327
84271170.0818572
84595067.4525943
84919799.3367124
85245366.8261163
85571771.012748
85899012.9885848
86227093.8456397
86556014.6759629
86885776.5716403
87216380.624794
87547827.9275804
87880119.5721939
88213256.6508632
88547240.2558537
88882071.4794657
89217751.4140351
89554281.1519337
89891661.785568
90229894.4073811
90568980.1098502
90908919.9854889
91249715.1268444
91591366.6264999
91933875.5770748
92277243.0712211
92621470.2016273
92966558.0610163
93312507.742146
93659320.3378093
94006996.9408336
94355538.6440797
94704946.5404437
95055221.722858
95406365.2842867
95758378.3177295
96111261.9162207
96465017.1728282
96819645.1806543
97175147.0328352
97531523.8225415
97888776.6429777
98246906.5873821
98605914.749027
98965802.2212186
99326570.0972965
99688219.4706342
100050751.434639
100414167.082752
100778467.508446
101143653.80523
101509727.066644
101876688.386264
102244538.857696
102613279.574581
102982911.630595
103353436.119443
103724854.134866
104097166.770637
104470375.120563
104844480.278481
105219483.338265
105595385.393817
105972187.539078
106349890.868014
106728496.47463
107108005.45296
107488418.897072
107869737.901064
108251963.559072
108635096.965257
109019139.213818
109404091.398983
109789954.615014
110176729.956203
110564418.516876
110953021.391391
111342539.674136
111732974.459532
112124326.842034
112516597.916123
112909788.776318
113303900.517167
113698934.233248
114094891.019174
114491771.969586
114889578.179159
115288310.742597
115687970.754639
116088559.310052
116490077.503634
116892526.430218
117295907.184664
117700220.861865
118105468.556744
118511651.364255
118918770.379385
119326826.697151
119735821.412599
120145755.620808
120556630.416884
120968446.895969
121381206.153234
121794909.283875
122209557.383126
122625151.546249
123041692.868534
123459182.445304
123877621.371912
124297010.743741
124717351.656202
125138645.204741
125560892.484829
125984094.591969
126408252.621696
126833367.669572
127259440.831192
127686473.202176
128114465.87818
128543419.954883
128973336.528001
129404216.693274
129836061.546472
130268872.1834
130702649.699885
131137395.191791
131573109.755003
132009794.485443
132447450.479059
132886078.831828
133325680.639756
133766256.998881
134207809.005267
134650337.755007
135093844.344226
135538329.869077
135983795.425738
136430242.110421
136877671.019366
137326083.24884
137775479.895139
138225862.054589
138677230.823544
139129587.298385
139582932.575525
140037267.751404
140492593.92249
140948912.185278
141406223.636295
141864529.372093
142323830.489256
142784128.084392
143245423.25414
143707717.095166
144171010.704166
144635305.177862
145100601.613003
145566901.106371
146034204.75477
146502513.655037
146971828.904033
147442151.598648
147913482.835802
148385823.71244
148859175.325534
149333538.772088
149808915.149129
150285305.553715
150762711.082928
151241132.833882
151720571.903714
152201029.389591
152682506.388706
153165003.998281
153648523.315565
154133065.437832
154618631.462386
155105222.486556
155592839.607699
156081483.923201
156571156.53047
157061858.526947
157553591.010095
158046355.077407
158540151.826402
159034982.354624
159530847.759647
160027749.139071
160525687.590521
161024664.211648
161524680.100134
162025736.353683
162527834.070028
163030974.346927
163535158.282165
164040386.973556
164546661.518935
165053983.016168
